Segmentation 0
148 370 14 
149 369 14 
149 368 14 
150 367 14 
151 366 14 
152 365 14 
152 364 14 
153 363 14 
152 362 14 
151 361 14 
152 360 14 
152 359 14 
152 358 14 
152 357 14 
153 356 14 
152 355 14 
151 354 14 
150 353 14 
149 352 14 
148 352 14 
147 352 14 
146 352 14 
145 353 14 
144 354 14 
143 355 14 
143 356 14 
143 357 14 
143 358 14 
144 359 14 
144 360 14 
144 361 14 
143 362 14 
142 363 14 
141 364 14 
141 365 14 
141 366 14 
141 367 14 
142 368 14 
143 369 14 
144 369 14 
145 370 14 
146 370 14 
147 370 14 
148 370 14 
V
Segmentation 1
258 419 14 
259 418 14 
260 417 14 
261 417 14 
262 416 14 
263 415 14 
263 414 14 
263 413 14 
264 412 14 
263 411 14 
262 410 14 
261 409 14 
261 408 14 
262 407 14 
262 406 14 
262 405 14 
263 404 14 
263 403 14 
262 402 14 
261 401 14 
260 401 14 
259 400 14 
258 399 14 
257 400 14 
256 400 14 
255 400 14 
254 400 14 
254 399 14 
253 398 14 
253 397 14 
252 396 14 
251 395 14 
250 394 14 
249 394 14 
248 393 14 
247 394 14 
246 394 14 
245 395 14 
244 396 14 
244 397 14 
244 398 14 
244 399 14 
243 400 14 
243 401 14 
243 402 14 
244 403 14 
245 404 14 
245 405 14 
245 406 14 
246 407 14 
246 408 14 
246 409 14 
247 410 14 
248 411 14 
248 412 14 
249 413 14 
250 414 14 
251 415 14 
252 414 14 
253 415 14 
254 416 14 
255 417 14 
256 418 14 
257 419 14 
258 419 14 
V
Segmentation 0
189 209 15 
190 208 15 
190 207 15 
190 206 15 
191 206 15 
192 205 15 
193 204 15 
192 203 15 
191 203 15 
192 202 15 
193 201 15 
194 200 15 
195 199 15 
195 198 15 
196 197 15 
196 196 15 
195 195 15 
195 194 15 
195 193 15 
195 192 15 
194 191 15 
193 191 15 
192 191 15 
191 192 15 
190 193 15 
189 194 15 
188 195 15 
187 196 15 
187 197 15 
186 198 15 
186 199 15 
185 200 15 
185 201 15 
184 202 15 
184 203 15 
185 204 15 
186 205 15 
186 206 15 
186 207 15 
187 208 15 
188 209 15 
189 209 15 
V
Segmentation 1
252 212 15 
253 211 15 
253 210 15 
253 209 15 
253 208 15 
253 207 15 
253 206 15 
253 205 15 
254 204 15 
255 204 15 
256 203 15 
256 202 15 
255 201 15 
254 200 15 
254 199 15 
253 198 15 
252 197 15 
251 197 15 
250 197 15 
249 196 15 
248 197 15 
247 197 15 
246 196 15 
245 195 15 
244 195 15 
243 195 15 
242 195 15 
241 196 15 
240 196 15 
239 196 15 
238 197 15 
239 198 15 
239 199 15 
238 200 15 
238 201 15 
239 202 15 
239 203 15 
240 204 15 
240 205 15 
241 206 15 
242 206 15 
242 207 15 
242 208 15 
242 209 15 
243 210 15 
244 211 15 
245 212 15 
246 212 15 
247 212 15 
248 212 15 
249 212 15 
250 212 15 
251 212 15 
252 212 15 
V
Segmentation 2
157 362 15 
158 361 15 
159 360 15 
159 359 15 
160 358 15 
161 357 15 
162 357 15 
163 356 15 
164 355 15 
164 354 15 
164 353 15 
164 352 15 
164 351 15 
164 350 15 
163 349 15 
162 348 15 
161 349 15 
160 349 15 
159 349 15 
158 349 15 
157 349 15 
156 349 15 
155 348 15 
154 348 15 
153 349 15 
152 348 15 
151 348 15 
150 347 15 
149 346 15 
148 345 15 
147 345 15 
146 345 15 
145 346 15 
144 346 15 
143 347 15 
142 347 15 
141 348 15 
141 349 15 
141 350 15 
141 351 15 
141 352 15 
141 353 15 
141 354 15 
142 355 15 
143 355 15 
144 356 15 
145 356 15 
146 355 15 
147 355 15 
148 355 15 
149 355 15 
149 356 15 
149 357 15 
149 358 15 
150 359 15 
151 360 15 
152 361 15 
153 361 15 
154 361 15 
155 361 15 
156 362 15 
157 362 15 
V
Segmentation 3
256 421 15 
257 420 15 
258 420 15 
259 419 15 
260 419 15 
261 418 15 
260 417 15 
260 416 15 
260 415 15 
260 414 15 
260 413 15 
260 412 15 
260 411 15 
261 410 15 
262 409 15 
262 408 15 
262 407 15 
262 406 15 
262 405 15 
262 404 15 
263 404 15 
264 403 15 
265 402 15 
266 401 15 
267 400 15 
268 399 15 
268 398 15 
269 397 15 
270 396 15 
271 395 15 
272 395 15 
273 395 15 
274 395 15 
275 396 15 
276 395 15 
277 395 15 
278 395 15 
279 394 15 
280 393 15 
281 392 15 
280 391 15 
280 390 15 
280 389 15 
279 388 15 
279 387 15 
279 386 15 
279 385 15 
280 384 15 
281 383 15 
281 382 15 
282 381 15 
282 380 15 
283 379 15 
283 378 15 
284 377 15 
284 376 15 
285 375 15 
285 374 15 
286 373 15 
287 372 15 
287 371 15 
287 370 15 
288 369 15 
289 368 15 
289 367 15 
289 366 15 
289 365 15 
290 364 15 
290 363 15 
291 362 15 
292 362 15 
293 362 15 
294 361 15 
295 360 15 
295 359 15 
295 358 15 
295 357 15 
295 356 15 
295 355 15 
295 354 15 
294 353 15 
293 353 15 
292 352 15 
291 352 15 
290 352 15 
289 352 15 
288 353 15 
288 354 15 
287 355 15 
286 356 15 
285 356 15 
284 355 15 
283 355 15 
282 354 15 
281 354 15 
280 354 15 
279 354 15 
278 355 15 
278 356 15 
278 357 15 
278 358 15 
277 359 15 
277 360 15 
277 361 15 
276 362 15 
275 362 15 
274 361 15 
273 361 15 
272 360 15 
271 360 15 
270 361 15 
269 362 15 
268 363 15 
268 364 15 
268 365 15 
268 366 15 
269 367 15 
269 368 15 
269 369 15 
268 370 15 
267 370 15 
266 370 15 
265 370 15 
264 371 15 
263 371 15 
262 372 15 
262 373 15 
262 374 15 
262 375 15 
262 376 15 
261 377 15 
261 378 15 
260 378 15 
259 378 15 
258 377 15 
257 377 15 
256 377 15 
255 377 15 
254 378 15 
253 379 15 
252 380 15 
252 381 15 
252 382 15 
252 383 15 
252 384 15 
251 385 15 
250 385 15 
249 385 15 
248 386 15 
247 386 15 
246 387 15 
246 388 15 
246 389 15 
246 390 15 
246 391 15 
246 392 15 
246 393 15 
246 394 15 
246 395 15 
245 396 15 
245 397 15 
245 398 15 
245 399 15 
245 400 15 
245 401 15 
245 402 15 
245 403 15 
245 404 15 
245 405 15 
245 406 15 
245 407 15 
244 408 15 
244 409 15 
243 410 15 
243 411 15 
243 412 15 
243 413 15 
244 414 15 
245 415 15 
246 415 15 
247 416 15 
248 416 15 
249 416 15 
250 417 15 
251 417 15 
252 417 15 
253 418 15 
253 419 15 
254 420 15 
255 421 15 
256 421 15 
V
Segmentation 4
180 393 15 
181 392 15 
182 391 15 
183 390 15 
183 389 15 
184 388 15 
184 387 15 
184 386 15 
183 385 15 
183 384 15 
184 383 15 
184 382 15 
184 381 15 
184 380 15 
183 379 15 
183 378 15 
183 377 15 
182 376 15 
182 375 15 
183 374 15 
183 373 15 
183 372 15 
183 371 15 
182 370 15 
181 369 15 
180 368 15 
179 368 15 
178 368 15 
177 369 15 
176 369 15 
175 369 15 
174 370 15 
173 371 15 
173 372 15 
173 373 15 
174 374 15 
175 375 15 
175 376 15 
174 377 15 
174 378 15 
173 379 15 
173 380 15 
173 381 15 
174 382 15 
174 383 15 
175 384 15 
175 385 15 
174 386 15 
174 387 15 
175 388 15 
176 388 15 
176 389 15 
176 390 15 
176 391 15 
177 392 15 
178 393 15 
179 393 15 
180 393 15 
V
Segmentation 0
188 207 16 
189 206 16 
190 205 16 
190 204 16 
191 203 16 
192 202 16 
193 202 16 
194 202 16 
195 202 16 
196 201 16 
197 200 16 
198 200 16 
199 199 16 
199 198 16 
199 197 16 
199 196 16 
199 195 16 
198 194 16 
197 193 16 
196 192 16 
195 191 16 
194 191 16 
193 190 16 
192 189 16 
192 188 16 
192 187 16 
192 186 16 
192 185 16 
193 184 16 
193 183 16 
193 182 16 
192 181 16 
191 181 16 
190 180 16 
189 180 16 
188 179 16 
187 180 16 
186 180 16 
185 181 16 
184 182 16 
184 183 16 
184 184 16 
184 185 16 
184 186 16 
184 187 16 
183 187 16 
182 188 16 
181 188 16 
180 189 16 
180 190 16 
180 191 16 
180 192 16 
180 193 16 
179 194 16 
179 195 16 
178 195 16 
177 196 16 
176 196 16 
175 196 16 
174 197 16 
174 198 16 
175 199 16 
175 200 16 
175 201 16 
175 202 16 
176 203 16 
177 204 16 
178 204 16 
179 205 16 
180 206 16 
181 205 16 
182 205 16 
183 205 16 
184 206 16 
185 206 16 
186 207 16 
187 207 16 
188 207 16 
V
Segmentation 1
258 205 16 
259 204 16 
260 203 16 
261 202 16 
262 201 16 
262 200 16 
262 199 16 
261 198 16 
260 197 16 
259 196 16 
259 195 16 
260 194 16 
260 193 16 
260 192 16 
260 191 16 
261 190 16 
260 189 16 
259 188 16 
258 188 16 
257 187 16 
256 187 16 
255 186 16 
254 187 16 
253 187 16 
252 188 16 
251 188 16 
250 187 16 
249 186 16 
248 187 16 
247 187 16 
246 188 16 
245 188 16 
244 189 16 
244 190 16 
244 191 16 
244 192 16 
244 193 16 
244 194 16 
244 195 16 
245 196 16 
246 197 16 
247 198 16 
248 198 16 
249 199 16 
249 200 16 
249 201 16 
248 202 16 
247 202 16 
246 203 16 
246 204 16 
247 205 16 
248 204 16 
249 204 16 
250 205 16 
251 205 16 
252 205 16 
253 204 16 
254 204 16 
255 205 16 
256 205 16 
257 205 16 
258 205 16 
V
Segmentation 2
176 403 16 
177 402 16 
178 401 16 
179 401 16 
180 401 16 
181 400 16 
181 399 16 
181 398 16 
182 397 16 
182 396 16 
182 395 16 
182 394 16 
182 393 16 
182 392 16 
183 391 16 
183 390 16 
184 389 16 
184 388 16 
184 387 16 
184 386 16 
185 386 16 
186 386 16 
187 385 16 
187 384 16 
187 383 16 
188 382 16 
188 381 16 
188 380 16 
188 379 16 
187 378 16 
186 378 16 
185 377 16 
184 377 16 
184 376 16 
184 375 16 
183 374 16 
183 373 16 
182 372 16 
181 372 16 
180 371 16 
179 371 16 
178 371 16 
177 371 16 
176 372 16 
175 373 16 
175 374 16 
175 375 16 
174 376 16 
173 377 16 
173 378 16 
172 379 16 
171 379 16 
170 378 16 
170 377 16 
170 376 16 
169 375 16 
169 374 16 
168 373 16 
167 372 16 
166 371 16 
165 370 16 
164 369 16 
163 368 16 
163 367 16 
162 366 16 
162 365 16 
162 364 16 
161 363 16 
160 362 16 
160 361 16 
160 360 16 
160 359 16 
159 358 16 
159 357 16 
160 356 16 
161 355 16 
162 354 16 
163 353 16 
164 352 16 
165 351 16 
165 350 16 
165 349 16 
165 348 16 
164 347 16 
163 346 16 
162 346 16 
161 347 16 
160 348 16 
159 348 16 
159 347 16 
159 346 16 
158 345 16 
158 344 16 
158 343 16 
157 342 16 
157 341 16 
156 340 16 
155 340 16 
154 340 16 
153 341 16 
152 341 16 
151 342 16 
150 342 16 
149 343 16 
148 343 16 
147 344 16 
147 345 16 
146 345 16 
145 346 16 
144 346 16 
143 346 16 
142 347 16 
141 347 16 
140 348 16 
140 349 16 
140 350 16 
140 351 16 
140 352 16 
140 353 16 
140 354 16 
141 355 16 
142 356 16 
143 356 16 
144 356 16 
145 356 16 
146 356 16 
147 355 16 
148 356 16 
148 357 16 
149 358 16 
149 359 16 
149 360 16 
149 361 16 
150 362 16 
151 363 16 
152 364 16 
153 365 16 
154 366 16 
154 367 16 
154 368 16 
154 369 16 
154 370 16 
153 371 16 
153 372 16 
153 373 16 
153 374 16 
153 375 16 
153 376 16 
153 377 16 
154 378 16 
155 378 16 
156 379 16 
157 379 16 
158 380 16 
157 381 16 
157 382 16 
156 383 16 
156 384 16 
156 385 16 
156 386 16 
157 387 16 
158 388 16 
159 389 16 
160 389 16 
161 389 16 
162 388 16 
163 388 16 
164 388 16 
165 388 16 
166 388 16 
166 389 16 
166 390 16 
167 391 16 
168 392 16 
169 393 16 
170 394 16 
171 394 16 
171 395 16 
171 396 16 
172 397 16 
172 398 16 
172 399 16 
172 400 16 
173 401 16 
174 402 16 
175 403 16 
176 403 16 
V
Segmentation 3
251 419 16 
252 418 16 
253 417 16 
254 416 16 
254 415 16 
254 414 16 
255 413 16 
256 412 16 
257 411 16 
257 410 16 
258 410 16 
259 409 16 
260 408 16 
260 407 16 
261 406 16 
262 405 16 
262 404 16 
263 403 16 
264 402 16 
265 401 16 
266 400 16 
266 399 16 
267 398 16 
268 397 16 
269 396 16 
270 395 16 
271 394 16 
272 393 16 
273 393 16 
274 392 16 
274 391 16 
275 390 16 
276 389 16 
277 389 16 
278 389 16 
279 388 16 
280 388 16 
281 388 16 
282 387 16 
283 387 16 
284 387 16 
285 386 16 
285 385 16 
284 384 16 
284 383 16 
284 382 16 
283 381 16 
283 380 16 
283 379 16 
282 378 16 
282 377 16 
283 376 16 
283 375 16 
284 374 16 
284 373 16 
285 372 16 
286 372 16 
287 372 16 
288 372 16 
289 372 16 
290 372 16 
291 372 16 
292 371 16 
293 370 16 
293 369 16 
293 368 16 
292 367 16 
292 366 16 
291 365 16 
291 364 16 
291 363 16 
292 362 16 
293 361 16 
294 360 16 
294 359 16 
294 358 16 
294 357 16 
293 356 16 
292 355 16 
291 355 16 
290 355 16 
289 354 16 
288 354 16 
287 354 16 
286 355 16 
285 356 16 
284 357 16 
284 358 16 
283 358 16 
282 357 16 
281 356 16 
280 355 16 
279 354 16 
278 354 16 
277 353 16 
276 353 16 
275 354 16 
274 355 16 
273 356 16 
272 357 16 
271 358 16 
272 359 16 
271 360 16 
270 361 16 
269 362 16 
268 363 16 
268 364 16 
268 365 16 
268 366 16 
268 367 16 
268 368 16 
269 369 16 
270 370 16 
271 370 16 
272 371 16 
273 371 16 
274 372 16 
274 373 16 
274 374 16 
273 375 16 
273 376 16 
272 377 16 
271 378 16 
270 378 16 
269 379 16 
268 378 16 
267 377 16 
266 377 16 
265 376 16 
264 375 16 
263 376 16 
262 377 16 
261 377 16 
260 378 16 
259 379 16 
259 380 16 
259 381 16 
259 382 16 
259 383 16 
259 384 16 
258 384 16 
257 385 16 
256 386 16 
255 386 16 
254 386 16 
253 385 16 
252 385 16 
251 384 16 
250 385 16 
249 385 16 
248 386 16 
247 387 16 
247 388 16 
247 389 16 
247 390 16 
247 391 16 
247 392 16 
247 393 16 
247 394 16 
246 395 16 
245 395 16 
244 395 16 
243 395 16 
242 394 16 
241 394 16 
240 394 16 
239 394 16 
238 394 16 
237 395 16 
237 396 16 
236 397 16 
236 398 16 
236 399 16 
236 400 16 
236 401 16 
237 402 16 
237 403 16 
237 404 16 
236 405 16 
236 406 16 
236 407 16 
236 408 16 
235 409 16 
235 410 16 
236 411 16 
237 412 16 
238 412 16 
239 413 16 
240 412 16 
241 411 16 
242 410 16 
243 409 16 
243 410 16 
244 411 16 
245 412 16 
246 413 16 
246 414 16 
246 415 16 
246 416 16 
246 417 16 
247 418 16 
248 418 16 
249 419 16 
250 419 16 
251 419 16 
V
Segmentation 4
243 408 16 
243 409 16 
243 408 16 
V
Segmentation 5
171 420 16 
172 419 16 
173 419 16 
174 419 16 
175 419 16 
176 418 16 
176 417 16 
176 416 16 
175 415 16 
175 414 16 
174 413 16 
174 412 16 
174 411 16 
173 410 16 
172 410 16 
171 410 16 
170 410 16 
169 410 16 
168 410 16 
167 410 16 
166 411 16 
165 412 16 
165 413 16 
165 414 16 
165 415 16 
165 416 16 
165 417 16 
166 418 16 
167 418 16 
168 418 16 
169 419 16 
170 420 16 
171 420 16 
V
Segmentation 0
181 204 17 
182 203 17 
183 202 17 
183 201 17 
184 200 17 
185 199 17 
185 198 17 
186 197 17 
187 196 17 
188 196 17 
189 195 17 
190 194 17 
191 194 17 
192 194 17 
193 194 17 
194 195 17 
195 194 17 
196 193 17 
196 192 17 
196 191 17 
196 190 17 
196 189 17 
195 188 17 
194 187 17 
193 187 17 
192 186 17 
192 185 17 
192 184 17 
192 183 17 
192 182 17 
192 181 17 
191 180 17 
190 180 17 
189 179 17 
188 179 17 
187 178 17 
186 179 17 
185 179 17 
184 180 17 
183 180 17 
182 179 17 
181 179 17 
180 178 17 
179 178 17 
178 179 17 
177 180 17 
176 180 17 
175 181 17 
175 182 17 
175 183 17 
175 184 17 
175 185 17 
174 186 17 
173 187 17 
172 188 17 
171 189 17 
171 190 17 
172 191 17 
172 192 17 
172 193 17 
173 194 17 
173 195 17 
174 196 17 
175 196 17 
175 197 17 
175 198 17 
175 199 17 
176 200 17 
176 201 17 
177 202 17 
178 203 17 
179 204 17 
180 204 17 
181 204 17 
V
Segmentation 1
261 204 17 
262 203 17 
262 202 17 
261 201 17 
261 200 17 
261 199 17 
261 198 17 
261 197 17 
260 196 17 
260 195 17 
260 194 17 
260 193 17 
259 192 17 
259 191 17 
259 190 17 
258 189 17 
257 189 17 
256 188 17 
255 188 17 
254 188 17 
253 188 17 
252 189 17 
251 188 17 
250 188 17 
249 187 17 
248 187 17 
247 186 17 
246 186 17 
245 187 17 
244 187 17 
243 188 17 
242 189 17 
242 190 17 
242 191 17 
243 192 17 
243 193 17 
243 194 17 
244 195 17 
245 195 17 
246 195 17 
247 195 17 
248 195 17 
249 195 17 
250 195 17 
251 196 17 
252 196 17 
252 197 17 
253 198 17 
253 199 17 
254 200 17 
254 201 17 
254 202 17 
255 203 17 
256 204 17 
257 204 17 
258 204 17 
259 204 17 
260 204 17 
261 204 17 
V
Segmentation 2
183 412 17 
184 411 17 
184 410 17 
184 409 17 
184 408 17 
185 407 17 
185 406 17 
185 405 17 
185 404 17 
184 403 17 
183 403 17 
182 403 17 
181 402 17 
180 402 17 
179 401 17 
180 400 17 
180 399 17 
181 398 17 
182 397 17 
183 396 17 
184 395 17 
185 395 17 
186 396 17 
187 396 17 
188 395 17 
189 395 17 
190 396 17 
191 396 17 
192 395 17 
193 394 17 
193 393 17 
192 392 17 
192 391 17 
192 390 17 
192 389 17 
192 388 17 
191 387 17 
190 387 17 
189 386 17 
189 385 17 
189 384 17 
189 383 17 
189 382 17 
190 381 17 
190 380 17 
189 379 17 
188 378 17 
187 378 17 
186 378 17 
185 377 17 
184 377 17 
183 377 17 
182 378 17 
181 377 17 
180 377 17 
179 376 17 
178 376 17 
177 375 17 
176 376 17 
175 377 17 
174 378 17 
173 379 17 
172 379 17 
171 379 17 
170 378 17 
169 378 17 
169 377 17 
169 376 17 
168 375 17 
168 374 17 
168 373 17 
168 372 17 
167 371 17 
166 371 17 
166 370 17 
166 369 17 
166 368 17 
166 367 17 
165 366 17 
165 365 17 
164 364 17 
164 363 17 
164 362 17 
164 361 17 
164 360 17 
164 359 17 
165 358 17 
165 357 17 
165 356 17 
165 355 17 
165 354 17 
164 353 17 
163 353 17 
164 353 17 
165 352 17 
166 352 17 
167 351 17 
168 351 17 
169 351 17 
170 350 17 
170 349 17 
169 348 17 
168 348 17 
167 349 17 
166 349 17 
165 349 17 
164 350 17 
163 350 17 
162 350 17 
161 350 17 
160 350 17 
159 350 17 
158 350 17 
157 350 17 
156 350 17 
155 349 17 
154 349 17 
153 348 17 
152 347 17 
151 347 17 
150 347 17 
149 348 17 
149 349 17 
149 350 17 
149 351 17 
149 352 17 
149 353 17 
149 354 17 
150 355 17 
151 356 17 
152 357 17 
153 358 17 
153 359 17 
153 360 17 
154 361 17 
155 362 17 
156 362 17 
156 363 17 
156 364 17 
156 365 17 
157 366 17 
157 367 17 
157 368 17 
156 369 17 
157 370 17 
158 371 17 
159 371 17 
160 372 17 
160 373 17 
160 374 17 
160 375 17 
160 376 17 
160 377 17 
160 378 17 
161 379 17 
162 380 17 
163 380 17 
164 380 17 
165 381 17 
166 382 17 
166 383 17 
166 384 17 
167 385 17 
167 386 17 
167 387 17 
167 388 17 
168 389 17 
168 390 17 
168 391 17 
168 392 17 
168 393 17 
169 394 17 
170 394 17 
171 395 17 
172 395 17 
173 395 17 
174 396 17 
175 397 17 
175 398 17 
175 399 17 
175 400 17 
176 401 17 
176 402 17 
177 403 17 
176 404 17 
176 405 17 
176 406 17 
176 407 17 
176 408 17 
177 409 17 
178 410 17 
179 411 17 
180 412 17 
181 412 17 
182 412 17 
183 412 17 
V
Segmentation 3
286 363 17 
287 362 17 
287 361 17 
287 360 17 
287 359 17 
287 358 17 
287 357 17 
288 356 17 
287 355 17 
286 354 17 
285 354 17 
284 353 17 
283 353 17 
282 353 17 
281 353 17 
280 353 17 
279 353 17 
278 352 17 
277 352 17 
276 352 17 
275 353 17 
274 354 17 
274 355 17 
273 356 17 
272 357 17 
271 357 17 
270 357 17 
269 358 17 
270 359 17 
271 359 17 
272 360 17 
273 360 17 
274 360 17 
275 360 17 
276 360 17 
277 361 17 
278 361 17 
279 361 17 
280 362 17 
281 362 17 
282 362 17 
283 363 17 
284 363 17 
285 363 17 
286 363 17 
V
Segmentation 4
249 420 17 
250 419 17 
251 418 17 
252 417 17 
251 416 17 
251 415 17 
251 414 17 
251 413 17 
250 412 17 
250 411 17 
250 410 17 
251 409 17 
252 408 17 
253 407 17 
253 406 17 
253 405 17 
253 404 17 
254 403 17 
255 402 17 
256 401 17 
257 400 17 
258 400 17 
259 399 17 
260 399 17 
261 398 17 
262 397 17 
262 396 17 
263 395 17 
264 395 17 
265 394 17 
266 393 17 
267 393 17 
268 393 17 
269 392 17 
270 391 17 
270 390 17 
270 389 17 
271 388 17 
271 387 17 
271 386 17 
271 385 17 
271 384 17 
271 383 17 
271 382 17 
271 381 17 
271 380 17 
270 379 17 
269 379 17 
268 378 17 
267 378 17 
266 378 17 
265 378 17 
264 378 17 
263 379 17 
263 380 17 
262 380 17 
261 380 17 
260 379 17 
259 379 17 
258 379 17 
257 378 17 
256 378 17 
255 378 17 
254 379 17 
253 380 17 
253 381 17 
253 382 17 
252 383 17 
252 384 17 
251 384 17 
250 384 17 
249 385 17 
248 385 17 
247 386 17 
247 387 17 
246 388 17 
246 389 17 
245 390 17 
244 390 17 
243 391 17 
242 391 17 
241 392 17 
240 393 17 
239 393 17 
238 394 17 
237 395 17 
236 395 17 
235 396 17 
235 397 17 
235 398 17 
235 399 17 
235 400 17 
236 401 17 
237 402 17 
238 403 17 
237 404 17 
237 405 17 
237 406 17 
236 407 17 
235 408 17 
234 409 17 
235 410 17 
236 411 17 
237 411 17 
238 411 17 
239 411 17 
240 412 17 
241 412 17 
241 413 17 
242 414 17 
242 415 17 
242 416 17 
242 417 17 
243 418 17 
244 418 17 
245 418 17 
246 419 17 
247 419 17 
248 420 17 
249 420 17 
V
Segmentation 0
181 205 18 
182 204 18 
183 204 18 
184 203 18 
185 203 18 
186 202 18 
186 201 18 
186 200 18 
186 199 18 
186 198 18 
186 197 18 
187 196 18 
188 195 18 
189 194 18 
189 193 18 
189 192 18 
189 191 18 
189 190 18 
188 189 18 
189 188 18 
190 187 18 
191 186 18 
192 185 18 
192 184 18 
192 183 18 
192 182 18 
192 181 18 
191 180 18 
190 180 18 
189 179 18 
188 179 18 
187 178 18 
186 179 18 
185 180 18 
184 181 18 
183 181 18 
182 181 18 
181 180 18 
180 180 18 
179 180 18 
178 180 18 
177 181 18 
176 182 18 
176 183 18 
176 184 18 
176 185 18 
175 186 18 
175 187 18 
175 188 18 
174 188 18 
173 189 18 
173 190 18 
172 191 18 
172 192 18 
172 193 18 
172 194 18 
172 195 18 
173 196 18 
174 197 18 
175 197 18 
176 198 18 
176 199 18 
176 200 18 
176 201 18 
176 202 18 
177 203 18 
178 204 18 
179 205 18 
180 205 18 
181 205 18 
V
Segmentation 1
259 212 18 
260 211 18 
261 210 18 
261 209 18 
262 208 18 
262 207 18 
262 206 18 
262 205 18 
262 204 18 
262 203 18 
261 202 18 
261 201 18 
261 200 18 
261 199 18 
261 198 18 
261 197 18 
262 196 18 
262 195 18 
262 194 18 
262 193 18 
262 192 18 
262 191 18 
262 190 18 
262 189 18 
263 188 18 
262 187 18 
261 187 18 
260 186 18 
259 186 18 
258 186 18 
257 186 18 
256 187 18 
255 188 18 
254 189 18 
253 189 18 
252 189 18 
251 188 18 
250 188 18 
249 188 18 
248 188 18 
247 188 18 
246 189 18 
245 190 18 
245 191 18 
245 192 18 
245 193 18 
245 194 18 
245 195 18 
246 196 18 
247 196 18 
248 197 18 
249 197 18 
250 197 18 
251 197 18 
252 198 18 
253 198 18 
254 199 18 
255 200 18 
255 201 18 
255 202 18 
255 203 18 
255 204 18 
255 205 18 
255 206 18 
254 207 18 
254 208 18 
253 209 18 
253 210 18 
254 211 18 
255 212 18 
256 212 18 
257 212 18 
258 212 18 
259 212 18 
V
Segmentation 2
303 357 18 
304 356 18 
305 356 18 
306 355 18 
307 354 18 
307 353 18 
307 352 18 
307 351 18 
307 350 18 
307 349 18 
306 348 18 
305 347 18 
304 347 18 
303 347 18 
302 346 18 
301 347 18 
300 347 18 
299 348 18 
298 349 18 
298 350 18 
298 351 18 
297 352 18 
298 353 18 
298 354 18 
299 355 18 
300 356 18 
301 356 18 
302 357 18 
303 357 18 
V
Segmentation 3
246 412 18 
247 411 18 
248 410 18 
248 409 18 
248 408 18 
249 407 18 
249 406 18 
250 405 18 
251 405 18 
252 404 18 
253 404 18 
254 403 18 
254 402 18 
255 401 18 
256 401 18 
257 400 18 
258 400 18 
259 399 18 
260 398 18 
260 397 18 
260 396 18 
260 395 18 
260 394 18 
261 393 18 
262 393 18 
263 392 18 
264 391 18 
264 390 18 
264 389 18 
264 388 18 
264 387 18 
264 386 18 
263 385 18 
262 384 18 
261 384 18 
260 383 18 
259 383 18 
259 382 18 
259 381 18 
260 380 18 
260 379 18 
260 378 18 
260 377 18 
259 376 18 
258 376 18 
257 376 18 
256 375 18 
255 374 18 
254 375 18 
253 376 18 
253 377 18 
252 378 18 
252 379 18 
252 380 18 
252 381 18 
252 382 18 
251 383 18 
251 384 18 
250 385 18 
249 385 18 
248 386 18 
247 387 18 
247 388 18 
247 389 18 
247 390 18 
247 391 18 
247 392 18 
247 393 18 
247 394 18 
247 395 18 
246 396 18 
246 397 18 
245 398 18 
244 399 18 
244 400 18 
244 401 18 
243 401 18 
242 401 18 
241 402 18 
240 402 18 
239 403 18 
239 404 18 
239 405 18 
238 406 18 
238 407 18 
238 408 18 
239 409 18 
240 410 18 
241 410 18 
242 411 18 
243 411 18 
244 412 18 
245 412 18 
246 412 18 
V
Segmentation 0
184 214 19 
185 213 19 
186 213 19 
187 213 19 
188 212 19 
188 211 19 
188 210 19 
188 209 19 
188 208 19 
188 207 19 
188 206 19 
188 205 19 
189 204 19 
190 203 19 
191 202 19 
192 202 19 
193 201 19 
193 200 19 
193 199 19 
193 198 19 
193 197 19 
192 196 19 
191 195 19 
190 195 19 
189 194 19 
189 193 19 
189 192 19 
189 191 19 
189 190 19 
189 189 19 
188 188 19 
187 187 19 
186 187 19 
185 186 19 
184 186 19 
183 187 19 
182 187 19 
181 188 19 
180 188 19 
179 188 19 
178 188 19 
177 187 19 
176 187 19 
175 188 19 
174 188 19 
173 189 19 
172 190 19 
172 191 19 
172 192 19 
172 193 19 
172 194 19 
172 195 19 
172 196 19 
173 197 19 
174 197 19 
175 198 19 
176 198 19 
176 199 19 
176 200 19 
176 201 19 
176 202 19 
177 203 19 
177 204 19 
178 205 19 
179 206 19 
179 207 19 
179 208 19 
179 209 19 
179 210 19 
179 211 19 
179 212 19 
180 213 19 
181 213 19 
182 214 19 
183 214 19 
184 214 19 
V
Segmentation 1
258 215 19 
259 214 19 
260 213 19 
261 213 19 
262 212 19 
262 211 19 
262 210 19 
262 209 19 
262 208 19 
262 207 19 
262 206 19 
262 205 19 
263 204 19 
264 204 19 
265 203 19 
266 202 19 
266 201 19 
266 200 19 
266 199 19 
266 198 19 
265 197 19 
264 196 19 
263 196 19 
262 195 19 
261 195 19 
260 194 19 
259 195 19 
258 195 19 
257 196 19 
256 196 19 
255 195 19 
254 194 19 
253 194 19 
252 194 19 
251 194 19 
250 195 19 
249 195 19 
248 196 19 
247 197 19 
247 198 19 
247 199 19 
247 200 19 
248 201 19 
249 202 19 
250 202 19 
251 203 19 
252 204 19 
253 205 19 
253 206 19 
253 207 19 
254 208 19 
254 209 19 
254 210 19 
254 211 19 
254 212 19 
254 213 19 
255 214 19 
256 214 19 
257 215 19 
258 215 19 
V
Segmentation 0
183 220 20 
184 219 20 
184 218 20 
184 217 20 
184 216 20 
184 215 20 
184 214 20 
185 213 20 
185 212 20 
186 211 20 
186 210 20 
187 209 20 
188 208 20 
189 208 20 
190 207 20 
191 207 20 
192 206 20 
192 205 20 
192 204 20 
192 203 20 
191 202 20 
191 201 20 
191 200 20 
191 199 20 
191 198 20 
190 197 20 
189 196 20 
188 196 20 
187 197 20 
186 197 20 
185 197 20 
184 197 20 
183 196 20 
182 195 20 
181 194 20 
180 194 20 
179 194 20 
178 195 20 
177 195 20 
176 196 20 
175 197 20 
175 198 20 
175 199 20 
175 200 20 
175 201 20 
175 202 20 
175 203 20 
174 203 20 
173 204 20 
172 204 20 
171 205 20 
171 206 20 
171 207 20 
171 208 20 
171 209 20 
171 210 20 
171 211 20 
172 212 20 
173 212 20 
174 213 20 
175 213 20 
175 214 20 
175 215 20 
175 216 20 
175 217 20 
175 218 20 
176 219 20 
177 219 20 
178 220 20 
179 220 20 
180 220 20 
181 220 20 
182 220 20 
183 220 20 
V
Segmentation 1
260 237 20 
261 236 20 
262 236 20 
263 235 20 
264 234 20 
264 233 20 
264 232 20 
264 231 20 
265 230 20 
265 229 20 
265 228 20 
266 227 20 
266 226 20 
267 225 20 
267 224 20 
267 223 20 
267 222 20 
266 221 20 
265 220 20 
264 219 20 
263 218 20 
264 217 20 
264 216 20 
264 215 20 
264 214 20 
263 213 20 
262 212 20 
261 211 20 
261 210 20 
261 209 20 
261 208 20 
261 207 20 
261 206 20 
261 205 20 
260 204 20 
259 204 20 
258 204 20 
257 203 20 
256 203 20 
255 203 20 
255 202 20 
255 201 20 
255 200 20 
255 199 20 
255 198 20 
254 197 20 
253 196 20 
252 196 20 
251 196 20 
250 196 20 
249 196 20 
248 197 20 
247 197 20 
246 198 20 
246 199 20 
246 200 20 
246 201 20 
246 202 20 
246 203 20 
246 204 20 
247 205 20 
248 205 20 
249 205 20 
250 206 20 
251 206 20 
251 207 20 
251 208 20 
251 209 20 
251 210 20 
252 211 20 
252 212 20 
252 213 20 
252 214 20 
252 215 20 
253 216 20 
254 217 20 
254 218 20 
255 219 20 
255 220 20 
255 221 20 
256 222 20 
256 223 20 
256 224 20 
256 225 20 
256 226 20 
256 227 20 
256 228 20 
256 229 20 
256 230 20 
256 231 20 
256 232 20 
256 233 20 
256 234 20 
256 235 20 
257 236 20 
258 237 20 
259 237 20 
260 237 20 
V
Segmentation 2
303 279 20 
304 278 20 
305 277 20 
306 276 20 
307 275 20 
307 274 20 
307 273 20 
307 272 20 
307 271 20 
307 270 20 
306 269 20 
305 269 20 
304 269 20 
303 268 20 
303 267 20 
303 266 20 
303 265 20 
303 264 20 
303 263 20 
303 262 20 
302 261 20 
301 261 20 
300 261 20 
299 260 20 
298 260 20 
297 259 20 
296 260 20 
295 260 20 
294 261 20 
294 262 20 
294 263 20 
294 264 20 
293 265 20 
293 266 20 
294 267 20 
295 268 20 
296 269 20 
297 269 20 
297 270 20 
296 271 20 
296 272 20 
296 273 20 
297 274 20 
298 275 20 
299 276 20 
300 276 20 
301 277 20 
301 278 20 
302 279 20 
303 279 20 
V
Segmentation 0
173 254 21 
174 253 21 
175 252 21 
176 252 21 
177 253 21 
178 253 21 
179 253 21 
180 253 21 
181 253 21 
182 253 21 
183 252 21 
183 251 21 
183 250 21 
183 249 21 
183 248 21 
183 247 21 
183 246 21 
183 245 21 
183 244 21 
183 243 21 
183 242 21 
183 241 21 
183 240 21 
183 239 21 
183 238 21 
183 237 21 
183 236 21 
183 235 21 
183 234 21 
182 233 21 
182 232 21 
182 231 21 
182 230 21 
183 229 21 
183 228 21 
183 227 21 
183 226 21 
183 225 21 
183 224 21 
183 223 21 
183 222 21 
184 221 21 
184 220 21 
185 219 21 
185 218 21 
186 217 21 
187 216 21 
187 215 21 
188 214 21 
189 213 21 
189 212 21 
189 211 21 
189 210 21 
189 209 21 
189 208 21 
189 207 21 
189 206 21 
188 205 21 
187 205 21 
186 204 21 
185 204 21 
184 204 21 
183 205 21 
182 205 21 
181 205 21 
180 205 21 
179 204 21 
178 204 21 
177 203 21 
176 203 21 
175 203 21 
174 204 21 
173 205 21 
173 206 21 
172 207 21 
172 208 21 
172 209 21 
172 210 21 
172 211 21 
171 211 21 
170 212 21 
169 212 21 
168 213 21 
168 214 21 
168 215 21 
168 216 21 
168 217 21 
168 218 21 
168 219 21 
169 220 21 
170 220 21 
171 221 21 
172 221 21 
173 222 21 
173 223 21 
173 224 21 
173 225 21 
173 226 21 
172 227 21 
171 227 21 
170 227 21 
169 228 21 
168 228 21 
167 228 21 
166 228 21 
165 227 21 
164 227 21 
163 227 21 
162 228 21 
161 228 21 
160 228 21 
159 228 21 
158 228 21 
157 228 21 
156 227 21 
155 227 21 
154 228 21 
153 228 21 
152 227 21 
151 227 21 
150 228 21 
149 228 21 
148 229 21 
147 230 21 
148 231 21 
149 232 21 
150 233 21 
150 234 21 
150 235 21 
150 236 21 
151 237 21 
152 237 21 
153 238 21 
154 238 21 
155 239 21 
156 239 21 
157 238 21 
158 237 21 
159 237 21 
160 237 21 
161 237 21 
162 237 21 
163 237 21 
164 238 21 
165 238 21 
166 237 21 
167 236 21 
168 236 21 
169 236 21 
170 236 21 
171 236 21 
172 237 21 
173 237 21 
174 237 21 
174 238 21 
174 239 21 
174 240 21 
174 241 21 
174 242 21 
174 243 21 
173 243 21 
172 244 21 
171 244 21 
170 244 21 
169 244 21 
168 244 21 
167 245 21 
167 246 21 
167 247 21 
167 248 21 
167 249 21 
167 250 21 
167 251 21 
168 252 21 
169 253 21 
170 253 21 
171 253 21 
172 254 21 
173 254 21 
V
Segmentation 1
266 290 21 
267 289 21 
267 288 21 
267 287 21 
268 286 21 
268 285 21 
269 284 21 
269 283 21 
268 282 21 
268 281 21 
267 280 21 
267 279 21 
267 278 21 
268 277 21 
268 276 21 
269 275 21 
269 274 21 
268 273 21 
268 272 21 
268 271 21 
268 270 21 
269 269 21 
270 268 21 
271 267 21 
271 266 21 
271 265 21 
271 264 21 
271 263 21 
270 262 21 
269 261 21 
268 260 21 
268 259 21 
268 258 21 
268 257 21 
268 256 21 
268 255 21 
267 254 21 
266 253 21 
265 252 21 
266 251 21 
266 250 21 
266 249 21 
266 248 21 
267 247 21 
267 246 21 
267 245 21 
267 244 21 
267 243 21 
267 242 21 
267 241 21 
267 240 21 
267 239 21 
267 238 21 
267 237 21 
266 236 21 
265 235 21 
264 235 21 
264 234 21 
264 233 21 
264 232 21 
264 231 21 
264 230 21 
264 229 21 
264 228 21 
263 227 21 
262 227 21 
261 226 21 
260 226 21 
260 225 21 
260 224 21 
260 223 21 
260 222 21 
260 221 21 
260 220 21 
259 219 21 
258 218 21 
257 218 21 
257 217 21 
256 216 21 
256 215 21 
256 214 21 
256 213 21 
255 212 21 
254 211 21 
253 211 21 
252 211 21 
251 211 21 
250 212 21 
249 212 21 
248 213 21 
247 214 21 
247 215 21 
247 216 21 
247 217 21 
248 218 21 
248 219 21 
248 220 21 
249 221 21 
250 222 21 
251 223 21 
252 224 21 
252 225 21 
253 226 21 
254 227 21 
255 228 21 
255 229 21 
256 230 21 
256 231 21 
256 232 21 
257 233 21 
257 234 21 
257 235 21 
257 236 21 
258 237 21 
258 238 21 
258 239 21 
258 240 21 
258 241 21 
258 242 21 
258 243 21 
258 244 21 
258 245 21 
258 246 21 
258 247 21 
258 248 21 
258 249 21 
258 250 21 
258 251 21 
259 252 21 
259 253 21 
259 254 21 
259 255 21 
259 256 21 
259 257 21 
260 258 21 
260 259 21 
260 260 21 
261 261 21 
261 262 21 
261 263 21 
261 264 21 
261 265 21 
261 266 21 
261 267 21 
261 268 21 
261 269 21 
261 270 21 
261 271 21 
261 272 21 
261 273 21 
261 274 21 
261 275 21 
261 276 21 
261 277 21 
261 278 21 
261 279 21 
260 280 21 
260 281 21 
260 282 21 
260 283 21 
260 284 21 
260 285 21 
260 286 21 
261 287 21 
261 288 21 
261 289 21 
262 290 21 
263 290 21 
264 290 21 
265 290 21 
266 290 21 
V
Segmentation 2
182 269 21 
183 268 21 
183 267 21 
183 266 21 
184 265 21 
184 264 21 
184 263 21 
184 262 21 
184 261 21 
183 260 21 
183 259 21 
182 258 21 
181 259 21 
180 259 21 
179 259 21 
178 260 21 
177 260 21 
176 260 21 
175 261 21 
175 262 21 
175 263 21 
175 264 21 
175 265 21 
175 266 21 
175 267 21 
176 268 21 
177 268 21 
178 269 21 
179 269 21 
180 269 21 
181 269 21 
182 269 21 
V
Segmentation 3
152 286 21 
153 285 21 
154 284 21 
155 284 21 
156 284 21 
157 283 21 
157 282 21 
157 281 21 
157 280 21 
157 279 21 
157 278 21 
157 277 21 
156 276 21 
155 276 21 
154 276 21 
153 276 21 
152 276 21 
151 276 21 
151 275 21 
150 274 21 
149 274 21 
148 274 21 
147 274 21 
146 274 21 
145 274 21 
144 275 21 
143 275 21 
142 275 21 
141 276 21 
142 277 21 
142 278 21 
143 279 21 
143 280 21 
143 281 21 
144 282 21 
145 283 21 
146 284 21 
147 285 21 
148 286 21 
149 286 21 
150 286 21 
151 286 21 
152 286 21 
V
Segmentation 0
252 189 22 
253 188 22 
253 187 22 
253 186 22 
254 185 22 
254 184 22 
254 183 22 
254 182 22 
253 181 22 
252 180 22 
251 179 22 
250 179 22 
249 179 22 
248 179 22 
247 180 22 
246 180 22 
245 181 22 
244 182 22 
244 183 22 
244 184 22 
244 185 22 
244 186 22 
244 187 22 
245 188 22 
246 188 22 
247 188 22 
248 188 22 
249 189 22 
250 189 22 
251 189 22 
252 189 22 
V
Segmentation 1
179 293 22 
180 292 22 
181 291 22 
181 290 22 
181 289 22 
181 288 22 
181 287 22 
182 286 22 
182 285 22 
182 284 22 
182 283 22 
183 282 22 
183 281 22 
183 280 22 
184 279 22 
184 278 22 
184 277 22 
184 276 22 
185 275 22 
185 274 22 
185 273 22 
185 272 22 
185 271 22 
185 270 22 
186 269 22 
186 268 22 
185 267 22 
185 266 22 
185 265 22 
185 264 22 
185 263 22 
185 262 22 
185 261 22 
185 260 22 
185 259 22 
185 258 22 
185 257 22 
185 256 22 
185 255 22 
185 254 22 
185 253 22 
185 252 22 
185 251 22 
184 250 22 
184 249 22 
184 248 22 
184 247 22 
185 246 22 
185 245 22 
185 244 22 
185 243 22 
185 242 22 
185 241 22 
185 240 22 
185 239 22 
185 238 22 
185 237 22 
186 236 22 
186 235 22 
187 234 22 
188 233 22 
189 232 22 
189 231 22 
189 230 22 
190 229 22 
190 228 22 
190 227 22 
189 226 22 
189 225 22 
189 224 22 
189 223 22 
190 222 22 
190 221 22 
190 220 22 
191 219 22 
191 218 22 
191 217 22 
191 216 22 
191 215 22 
191 214 22 
191 213 22 
190 212 22 
189 211 22 
188 210 22 
187 210 22 
186 211 22 
185 211 22 
184 211 22 
183 212 22 
182 211 22 
181 211 22 
180 210 22 
179 211 22 
178 211 22 
177 211 22 
176 212 22 
175 213 22 
175 214 22 
175 215 22 
175 216 22 
175 217 22 
175 218 22 
175 219 22 
175 220 22 
174 220 22 
173 221 22 
173 222 22 
173 223 22 
173 224 22 
173 225 22 
173 226 22 
173 227 22 
172 227 22 
171 228 22 
170 228 22 
169 228 22 
168 229 22 
168 230 22 
168 231 22 
168 232 22 
168 233 22 
168 234 22 
168 235 22 
169 236 22 
170 236 22 
171 237 22 
172 237 22 
173 238 22 
173 239 22 
173 240 22 
173 241 22 
173 242 22 
172 243 22 
171 243 22 
170 244 22 
169 244 22 
168 245 22 
168 246 22 
168 247 22 
168 248 22 
168 249 22 
168 250 22 
168 251 22 
167 251 22 
166 252 22 
165 253 22 
165 254 22 
165 255 22 
165 256 22 
165 257 22 
165 258 22 
165 259 22 
166 260 22 
167 260 22 
168 261 22 
168 262 22 
168 263 22 
168 264 22 
168 265 22 
168 266 22 
169 267 22 
170 268 22 
171 268 22 
172 269 22 
173 269 22 
173 270 22 
173 271 22 
173 272 22 
173 273 22 
173 274 22 
172 274 22 
171 275 22 
170 275 22 
169 275 22 
168 276 22 
167 277 22 
167 278 22 
167 279 22 
166 280 22 
166 281 22 
167 282 22 
168 283 22 
169 283 22 
170 284 22 
171 284 22 
172 285 22 
172 286 22 
172 287 22 
172 288 22 
172 289 22 
172 290 22 
173 291 22 
174 292 22 
175 293 22 
176 293 22 
177 293 22 
178 293 22 
179 293 22 
V
Segmentation 2
264 291 22 
265 290 22 
265 289 22 
266 288 22 
266 287 22 
266 286 22 
266 285 22 
266 284 22 
266 283 22 
265 282 22 
265 281 22 
265 280 22 
266 279 22 
267 278 22 
268 277 22 
268 276 22 
268 275 22 
267 274 22 
267 273 22 
267 272 22 
267 271 22 
268 270 22 
269 270 22 
270 269 22 
271 269 22 
272 268 22 
272 267 22 
272 266 22 
272 265 22 
272 264 22 
272 263 22 
272 262 22 
271 261 22 
270 260 22 
269 260 22 
268 259 22 
268 258 22 
268 257 22 
268 256 22 
268 255 22 
268 254 22 
267 253 22 
266 253 22 
265 252 22 
264 252 22 
263 252 22 
262 252 22 
261 253 22 
260 253 22 
259 254 22 
258 255 22 
258 256 22 
258 257 22 
257 258 22 
258 259 22 
258 260 22 
258 261 22 
258 262 22 
258 263 22 
258 264 22 
258 265 22 
257 266 22 
257 267 22 
257 268 22 
257 269 22 
257 270 22 
257 271 22 
257 272 22 
258 273 22 
257 274 22 
257 275 22 
256 275 22 
255 276 22 
254 277 22 
253 277 22 
252 278 22 
252 279 22 
252 280 22 
253 281 22 
253 282 22 
254 283 22 
254 284 22 
255 285 22 
256 286 22 
257 286 22 
258 286 22 
258 287 22 
258 288 22 
258 289 22 
259 290 22 
260 291 22 
261 291 22 
262 291 22 
263 291 22 
264 291 22 
V
Segmentation 0
186 277 23 
187 276 23 
188 275 23 
188 274 23 
189 273 23 
189 272 23 
189 271 23 
189 270 23 
189 269 23 
190 268 23 
190 267 23 
191 266 23 
191 265 23 
190 264 23 
190 263 23 
190 262 23 
190 261 23 
190 260 23 
189 259 23 
188 258 23 
188 257 23 
189 256 23 
189 255 23 
188 254 23 
187 253 23 
187 252 23 
186 251 23 
186 250 23 
186 249 23 
187 248 23 
187 247 23 
187 246 23 
186 245 23 
185 244 23 
184 244 23 
183 243 23 
183 242 23 
183 241 23 
183 240 23 
183 239 23 
183 238 23 
182 237 23 
182 236 23 
182 235 23 
183 235 23 
184 234 23 
184 233 23 
184 232 23 
184 231 23 
184 230 23 
185 229 23 
185 228 23 
185 227 23 
184 226 23 
183 225 23 
182 225 23 
181 225 23 
180 225 23 
179 224 23 
178 225 23 
177 226 23 
176 227 23 
175 228 23 
175 229 23 
175 230 23 
175 231 23 
175 232 23 
175 233 23 
176 234 23 
176 235 23 
175 236 23 
175 237 23 
175 238 23 
175 239 23 
174 240 23 
174 241 23 
174 242 23 
174 243 23 
175 244 23 
176 245 23 
177 246 23 
177 247 23 
177 248 23 
177 249 23 
177 250 23 
177 251 23 
177 252 23 
178 253 23 
179 254 23 
179 255 23 
179 256 23 
180 257 23 
179 258 23 
178 259 23 
177 259 23 
176 260 23 
175 260 23 
174 261 23 
174 262 23 
174 263 23 
174 264 23 
175 265 23 
175 266 23 
176 267 23 
177 268 23 
178 268 23 
179 269 23 
179 270 23 
179 271 23 
179 272 23 
179 273 23 
179 274 23 
179 275 23 
180 276 23 
181 277 23 
182 277 23 
183 277 23 
184 277 23 
185 277 23 
186 277 23 
V
Segmentation 0
210 210 26 
211 209 26 
212 208 26 
212 207 26 
212 206 26 
213 205 26 
213 204 26 
213 203 26 
212 202 26 
211 202 26 
210 201 26 
209 200 26 
208 199 26 
207 198 26 
206 199 26 
205 200 26 
204 201 26 
204 202 26 
203 203 26 
203 204 26 
204 205 26 
205 206 26 
205 207 26 
206 208 26 
207 209 26 
208 210 26 
209 210 26 
210 210 26 
V
