Segmentation 0
193 197 13 
194 196 13 
195 195 13 
196 194 13 
197 193 13 
198 192 13 
198 191 13 
199 191 13 
200 192 13 
200 193 13 
201 194 13 
202 193 13 
203 192 13 
203 191 13 
204 190 13 
204 189 13 
204 188 13 
203 187 13 
202 186 13 
202 185 13 
201 184 13 
200 183 13 
199 182 13 
198 183 13 
197 183 13 
196 184 13 
195 183 13 
195 182 13 
195 181 13 
194 180 13 
194 179 13 
193 178 13 
192 177 13 
191 177 13 
190 177 13 
189 178 13 
189 179 13 
188 180 13 
188 181 13 
188 182 13 
189 183 13 
189 184 13 
189 185 13 
189 186 13 
190 187 13 
190 188 13 
190 189 13 
190 190 13 
189 191 13 
189 192 13 
188 193 13 
188 194 13 
189 195 13 
190 196 13 
191 197 13 
192 197 13 
193 197 13 
V
Segmentation 0
255 203 14 
256 202 14 
257 201 14 
258 201 14 
259 200 14 
260 200 14 
261 199 14 
261 198 14 
261 197 14 
261 196 14 
261 195 14 
262 194 14 
262 193 14 
262 192 14 
262 191 14 
262 190 14 
262 189 14 
263 188 14 
263 187 14 
264 186 14 
264 185 14 
264 184 14 
265 184 14 
266 184 14 
267 183 14 
267 182 14 
267 181 14 
267 180 14 
267 179 14 
267 178 14 
266 177 14 
266 176 14 
265 175 14 
264 174 14 
263 174 14 
262 175 14 
261 176 14 
260 176 14 
259 177 14 
258 177 14 
257 178 14 
256 177 14 
255 176 14 
254 176 14 
253 176 14 
252 176 14 
251 176 14 
250 176 14 
249 177 14 
248 178 14 
248 179 14 
248 180 14 
248 181 14 
248 182 14 
248 183 14 
248 184 14 
249 185 14 
250 186 14 
251 187 14 
252 187 14 
253 187 14 
253 188 14 
253 189 14 
253 190 14 
253 191 14 
253 192 14 
252 193 14 
251 194 14 
250 195 14 
249 196 14 
248 197 14 
248 198 14 
249 199 14 
250 200 14 
250 201 14 
251 202 14 
252 203 14 
253 203 14 
254 203 14 
255 203 14 
V
Segmentation 1
198 202 14 
199 201 14 
200 200 14 
201 199 14 
201 198 14 
201 197 14 
200 196 14 
200 195 14 
200 194 14 
200 193 14 
200 192 14 
200 191 14 
200 190 14 
199 189 14 
198 188 14 
197 187 14 
196 186 14 
196 185 14 
195 184 14 
195 183 14 
195 182 14 
194 181 14 
193 181 14 
193 180 14 
192 179 14 
192 178 14 
192 177 14 
191 176 14 
190 175 14 
189 175 14 
188 175 14 
187 175 14 
186 175 14 
185 175 14 
184 175 14 
183 175 14 
182 176 14 
181 177 14 
180 178 14 
180 179 14 
180 180 14 
180 181 14 
180 182 14 
181 183 14 
182 184 14 
183 185 14 
184 186 14 
184 187 14 
184 188 14 
184 189 14 
184 190 14 
184 191 14 
185 192 14 
185 193 14 
185 194 14 
186 195 14 
187 195 14 
188 195 14 
189 196 14 
190 196 14 
191 197 14 
192 198 14 
193 199 14 
194 199 14 
195 199 14 
196 200 14 
196 201 14 
197 202 14 
198 202 14 
V
Segmentation 2
290 317 14 
291 316 14 
291 315 14 
291 314 14 
291 313 14 
291 312 14 
292 311 14 
292 310 14 
292 309 14 
292 308 14 
291 307 14 
290 307 14 
289 306 14 
288 306 14 
287 306 14 
286 306 14 
285 307 14 
284 307 14 
283 308 14 
283 309 14 
283 310 14 
283 311 14 
283 312 14 
283 313 14 
284 314 14 
285 314 14 
286 315 14 
287 316 14 
288 317 14 
289 317 14 
290 317 14 
V
Segmentation 3
166 323 14 
167 322 14 
168 322 14 
169 321 14 
170 321 14 
171 321 14 
172 322 14 
173 322 14 
174 321 14 
174 320 14 
174 319 14 
174 318 14 
174 317 14 
174 316 14 
174 315 14 
173 314 14 
172 314 14 
171 313 14 
170 313 14 
169 314 14 
168 314 14 
167 315 14 
166 315 14 
165 316 14 
164 317 14 
164 318 14 
164 319 14 
164 320 14 
164 321 14 
164 322 14 
165 323 14 
166 323 14 
V
Segmentation 4
261 399 14 
262 398 14 
263 398 14 
264 398 14 
265 397 14 
266 397 14 
267 396 14 
267 395 14 
266 394 14 
266 393 14 
266 392 14 
266 391 14 
266 390 14 
265 389 14 
264 388 14 
263 388 14 
262 387 14 
261 387 14 
260 388 14 
259 389 14 
258 389 14 
257 389 14 
256 389 14 
255 389 14 
254 390 14 
253 391 14 
252 392 14 
253 393 14 
254 394 14 
255 395 14 
256 396 14 
257 397 14 
258 398 14 
259 399 14 
260 399 14 
261 399 14 
V
Segmentation 0
274 160 15 
275 159 15 
276 159 15 
277 159 15 
278 158 15 
279 157 15 
279 156 15 
280 155 15 
280 154 15 
280 153 15 
280 152 15 
279 151 15 
278 150 15 
277 150 15 
276 149 15 
275 149 15 
274 150 15 
273 150 15 
272 151 15 
271 152 15 
270 153 15 
269 154 15 
270 155 15 
270 156 15 
271 157 15 
271 158 15 
271 159 15 
272 160 15 
273 160 15 
274 160 15 
V
Segmentation 1
243 197 15 
244 196 15 
245 196 15 
246 195 15 
247 194 15 
248 193 15 
249 192 15 
250 191 15 
251 190 15 
252 189 15 
253 188 15 
254 187 15 
255 186 15 
256 185 15 
257 185 15 
257 186 15 
258 187 15 
257 188 15 
258 189 15 
258 190 15 
257 191 15 
258 192 15 
259 193 15 
260 193 15 
261 193 15 
262 193 15 
263 192 15 
264 191 15 
264 190 15 
264 189 15 
265 188 15 
265 187 15 
265 186 15 
266 185 15 
267 185 15 
268 185 15 
269 184 15 
269 183 15 
269 182 15 
269 181 15 
269 180 15 
270 179 15 
270 178 15 
269 177 15 
268 176 15 
267 176 15 
266 176 15 
265 175 15 
264 175 15 
263 175 15 
262 175 15 
262 174 15 
262 173 15 
262 172 15 
262 171 15 
262 170 15 
262 169 15 
261 168 15 
260 168 15 
259 167 15 
258 167 15 
257 167 15 
256 168 15 
255 168 15 
254 168 15 
253 168 15 
252 169 15 
252 170 15 
251 171 15 
252 172 15 
252 173 15 
253 174 15 
254 175 15 
255 176 15 
255 177 15 
256 178 15 
256 179 15 
256 180 15 
255 181 15 
254 181 15 
253 181 15 
252 181 15 
251 181 15 
250 181 15 
249 181 15 
248 182 15 
247 183 15 
247 184 15 
246 185 15 
245 186 15 
244 186 15 
243 186 15 
242 186 15 
241 186 15 
240 187 15 
239 187 15 
238 188 15 
238 189 15 
237 190 15 
237 191 15 
237 192 15 
238 193 15 
239 194 15 
240 195 15 
241 196 15 
242 197 15 
243 197 15 
V
Segmentation 2
202 195 15 
203 194 15 
204 193 15 
205 192 15 
206 191 15 
207 190 15 
207 189 15 
206 188 15 
205 187 15 
204 186 15 
203 185 15 
202 184 15 
201 184 15 
200 185 15 
199 185 15 
198 185 15 
197 186 15 
196 186 15 
195 186 15 
195 185 15 
195 184 15 
194 183 15 
194 182 15 
194 181 15 
194 180 15 
194 179 15 
193 178 15 
192 178 15 
191 177 15 
190 176 15 
189 176 15 
188 177 15 
187 177 15 
186 177 15 
185 177 15 
184 176 15 
183 175 15 
182 175 15 
181 175 15 
180 175 15 
179 175 15 
178 176 15 
177 177 15 
177 178 15 
177 179 15 
177 180 15 
177 181 15 
177 182 15 
177 183 15 
177 184 15 
177 185 15 
178 186 15 
179 187 15 
180 187 15 
181 187 15 
182 187 15 
183 187 15 
184 186 15 
185 186 15 
186 187 15 
187 186 15 
188 186 15 
189 186 15 
190 186 15 
191 186 15 
192 187 15 
193 187 15 
194 188 15 
195 189 15 
196 190 15 
197 191 15 
197 192 15 
198 193 15 
199 194 15 
200 194 15 
201 195 15 
202 195 15 
V
Segmentation 3
212 243 15 
213 242 15 
214 242 15 
215 241 15 
216 240 15 
215 239 15 
215 238 15 
214 237 15 
213 236 15 
213 235 15 
212 234 15 
212 233 15 
212 232 15 
212 231 15 
212 230 15 
212 229 15 
212 228 15 
212 227 15 
212 226 15 
213 225 15 
213 224 15 
213 223 15 
213 222 15 
213 221 15 
213 220 15 
213 219 15 
213 218 15 
212 217 15 
211 217 15 
210 217 15 
209 217 15 
208 217 15 
207 218 15 
206 218 15 
205 219 15 
205 220 15 
205 221 15 
205 222 15 
205 223 15 
205 224 15 
205 225 15 
204 225 15 
203 226 15 
202 227 15 
201 228 15 
201 229 15 
201 230 15 
201 231 15 
202 232 15 
203 233 15 
204 234 15 
205 235 15 
205 236 15 
205 237 15 
205 238 15 
205 239 15 
205 240 15 
206 241 15 
207 242 15 
208 242 15 
209 243 15 
210 243 15 
211 243 15 
212 243 15 
V
Segmentation 4
243 234 15 
244 233 15 
244 232 15 
245 231 15 
245 230 15 
245 229 15 
245 228 15 
245 227 15 
245 226 15 
244 225 15 
243 224 15 
242 224 15 
241 224 15 
240 224 15 
239 224 15 
238 224 15 
237 224 15 
236 224 15 
235 225 15 
235 226 15 
235 227 15 
235 228 15 
236 229 15 
236 230 15 
236 231 15 
237 232 15 
237 233 15 
238 234 15 
239 234 15 
240 234 15 
241 234 15 
242 234 15 
243 234 15 
V
Segmentation 5
166 366 15 
167 365 15 
168 365 15 
169 364 15 
169 363 15 
169 362 15 
168 361 15 
168 360 15 
168 359 15 
167 358 15 
167 357 15 
167 356 15 
166 355 15 
166 354 15 
166 353 15 
166 352 15 
166 351 15 
166 350 15 
166 349 15 
165 348 15 
165 347 15 
165 346 15 
165 345 15 
165 344 15 
165 343 15 
165 342 15 
165 341 15 
165 340 15 
165 339 15 
166 338 15 
166 337 15 
166 336 15 
166 335 15 
166 334 15 
166 333 15 
167 332 15 
167 331 15 
167 330 15 
167 329 15 
168 328 15 
168 327 15 
168 326 15 
168 325 15 
169 324 15 
168 323 15 
167 323 15 
166 322 15 
165 322 15 
165 321 15 
165 320 15 
165 319 15 
165 318 15 
165 317 15 
165 316 15 
165 315 15 
164 314 15 
163 314 15 
162 313 15 
161 312 15 
160 313 15 
159 313 15 
158 314 15 
157 314 15 
156 315 15 
156 316 15 
156 317 15 
156 318 15 
156 319 15 
156 320 15 
156 321 15 
157 322 15 
158 323 15 
159 323 15 
160 323 15 
160 324 15 
160 325 15 
160 326 15 
160 327 15 
160 328 15 
160 329 15 
160 330 15 
159 331 15 
158 331 15 
157 332 15 
157 333 15 
157 334 15 
157 335 15 
157 336 15 
157 337 15 
157 338 15 
157 339 15 
156 340 15 
155 340 15 
154 341 15 
154 342 15 
154 343 15 
154 344 15 
154 345 15 
154 346 15 
155 347 15 
156 348 15 
157 349 15 
157 350 15 
157 351 15 
157 352 15 
157 353 15 
157 354 15 
157 355 15 
158 356 15 
159 357 15 
160 357 15 
160 358 15 
160 359 15 
160 360 15 
160 361 15 
160 362 15 
160 363 15 
160 364 15 
161 365 15 
162 365 15 
163 366 15 
164 366 15 
165 366 15 
166 366 15 
V
Segmentation 6
268 333 15 
269 332 15 
270 332 15 
271 332 15 
272 331 15 
273 330 15 
273 329 15 
273 328 15 
273 327 15 
274 327 15 
275 326 15 
276 326 15 
277 325 15 
278 325 15 
279 324 15 
279 323 15 
279 322 15 
279 321 15 
279 320 15 
279 319 15 
279 318 15 
279 317 15 
278 316 15 
277 316 15 
276 315 15 
275 314 15 
274 315 15 
273 315 15 
272 315 15 
271 316 15 
270 316 15 
269 316 15 
268 317 15 
268 318 15 
268 319 15 
268 320 15 
268 321 15 
267 322 15 
266 323 15 
265 324 15 
264 325 15 
265 326 15 
265 327 15 
265 328 15 
266 329 15 
266 330 15 
266 331 15 
267 332 15 
268 333 15 
V
Segmentation 7
286 366 15 
287 365 15 
287 364 15 
288 363 15 
288 362 15 
289 361 15 
290 361 15 
291 361 15 
292 361 15 
293 360 15 
294 359 15 
294 358 15 
295 357 15 
296 356 15 
297 355 15 
297 354 15 
297 353 15 
296 352 15 
296 351 15 
295 350 15 
294 350 15 
293 349 15 
293 348 15 
292 347 15 
292 346 15 
292 345 15 
292 344 15 
292 343 15 
292 342 15 
291 341 15 
290 341 15 
289 341 15 
288 341 15 
287 341 15 
286 342 15 
286 343 15 
286 344 15 
286 345 15 
286 346 15 
286 347 15 
286 348 15 
286 349 15 
286 350 15 
286 351 15 
286 352 15 
286 353 15 
285 354 15 
285 355 15 
285 356 15 
284 357 15 
284 358 15 
284 359 15 
284 360 15 
283 361 15 
283 362 15 
282 363 15 
282 364 15 
282 365 15 
283 366 15 
284 366 15 
285 366 15 
286 366 15 
V
Segmentation 8
166 383 15 
167 382 15 
168 382 15 
169 381 15 
170 381 15 
171 380 15 
172 380 15 
173 380 15 
174 379 15 
174 378 15 
173 377 15 
173 376 15 
173 375 15 
172 374 15 
171 373 15 
170 373 15 
169 373 15 
168 373 15 
167 373 15 
166 373 15 
165 373 15 
164 373 15 
163 373 15 
162 374 15 
162 375 15 
162 376 15 
161 377 15 
161 378 15 
161 379 15 
162 380 15 
163 381 15 
164 382 15 
165 383 15 
166 383 15 
V
Segmentation 9
192 390 15 
193 389 15 
194 389 15 
195 389 15 
196 389 15 
197 389 15 
198 389 15 
199 388 15 
199 387 15 
200 386 15 
200 385 15 
200 384 15 
199 383 15 
199 382 15 
199 381 15 
198 380 15 
197 380 15 
196 379 15 
195 379 15 
194 378 15 
193 379 15 
192 379 15 
191 380 15 
190 381 15 
189 381 15 
188 382 15 
187 383 15 
187 384 15 
188 385 15 
188 386 15 
189 387 15 
189 388 15 
190 389 15 
191 390 15 
192 390 15 
V
Segmentation 10
263 397 15 
264 396 15 
264 395 15 
265 394 15 
265 393 15 
266 392 15 
266 391 15 
267 390 15 
267 389 15 
266 388 15 
265 387 15 
264 386 15 
263 386 15 
262 386 15 
261 387 15 
260 387 15 
259 387 15 
258 388 15 
257 388 15 
256 389 15 
256 390 15 
256 391 15 
256 392 15 
256 393 15 
256 394 15 
256 395 15 
257 396 15 
258 396 15 
259 396 15 
260 397 15 
261 397 15 
262 397 15 
263 397 15 
V
Segmentation 11
190 413 15 
191 412 15 
191 411 15 
192 410 15 
193 409 15 
193 408 15 
192 407 15 
192 406 15 
192 405 15 
191 404 15 
190 403 15 
189 404 15 
188 405 15 
187 406 15 
186 406 15 
185 406 15 
185 405 15 
184 404 15 
183 404 15 
182 405 15 
181 406 15 
181 407 15 
182 408 15 
182 409 15 
183 410 15 
183 411 15 
183 412 15 
184 413 15 
185 413 15 
186 413 15 
187 413 15 
188 413 15 
189 413 15 
190 413 15 
V
Segmentation 12
271 414 15 
272 413 15 
273 412 15 
274 411 15 
275 410 15 
275 409 15 
275 408 15 
275 407 15 
275 406 15 
274 405 15 
273 405 15 
272 405 15 
271 406 15 
270 406 15 
269 406 15 
268 406 15 
267 406 15 
266 407 15 
265 408 15 
265 409 15 
265 410 15 
265 411 15 
265 412 15 
266 413 15 
267 414 15 
268 414 15 
269 414 15 
270 414 15 
271 414 15 
V
Segmentation 0
180 203 16 
181 202 16 
182 202 16 
183 201 16 
184 201 16 
185 201 16 
186 201 16 
187 200 16 
187 199 16 
188 199 16 
189 198 16 
188 197 16 
187 197 16 
187 196 16 
186 195 16 
185 194 16 
185 193 16 
185 192 16 
185 191 16 
185 190 16 
185 189 16 
186 188 16 
186 187 16 
187 186 16 
188 186 16 
189 187 16 
190 187 16 
191 187 16 
192 187 16 
193 186 16 
194 185 16 
194 184 16 
195 183 16 
195 182 16 
195 181 16 
195 180 16 
195 179 16 
194 178 16 
193 177 16 
192 177 16 
191 177 16 
190 176 16 
189 176 16 
188 177 16 
187 178 16 
186 178 16 
185 178 16 
184 178 16 
183 178 16 
182 178 16 
181 178 16 
180 178 16 
179 179 16 
178 180 16 
178 181 16 
178 182 16 
177 183 16 
177 184 16 
177 185 16 
176 186 16 
177 187 16 
178 188 16 
179 188 16 
179 189 16 
180 190 16 
181 191 16 
180 192 16 
180 193 16 
179 194 16 
178 195 16 
177 196 16 
177 197 16 
177 198 16 
177 199 16 
177 200 16 
177 201 16 
177 202 16 
178 203 16 
179 203 16 
180 203 16 
V
Segmentation 1
244 196 16 
245 195 16 
246 194 16 
247 193 16 
248 192 16 
249 191 16 
250 190 16 
251 189 16 
252 189 16 
253 188 16 
254 188 16 
255 188 16 
256 187 16 
257 186 16 
257 185 16 
257 184 16 
258 183 16 
258 182 16 
258 181 16 
258 180 16 
257 179 16 
256 178 16 
255 178 16 
254 178 16 
253 178 16 
252 178 16 
251 178 16 
250 178 16 
249 179 16 
248 180 16 
248 181 16 
247 182 16 
247 183 16 
247 184 16 
247 185 16 
246 185 16 
245 185 16 
244 185 16 
243 185 16 
242 185 16 
241 185 16 
240 185 16 
239 186 16 
239 187 16 
239 188 16 
238 189 16 
238 190 16 
239 191 16 
240 192 16 
241 193 16 
241 194 16 
242 195 16 
243 196 16 
244 196 16 
V
Segmentation 2
171 325 16 
172 324 16 
173 323 16 
174 322 16 
175 321 16 
176 320 16 
177 319 16 
178 318 16 
179 317 16 
180 316 16 
181 315 16 
181 314 16 
182 313 16 
183 312 16 
184 311 16 
184 310 16 
183 309 16 
182 308 16 
181 308 16 
180 308 16 
179 307 16 
178 307 16 
177 307 16 
176 308 16 
175 309 16 
175 310 16 
175 311 16 
174 312 16 
174 313 16 
173 314 16 
173 315 16 
172 314 16 
171 314 16 
170 314 16 
169 314 16 
168 314 16 
167 314 16 
166 315 16 
166 316 16 
166 317 16 
165 318 16 
165 319 16 
165 320 16 
165 321 16 
165 322 16 
166 323 16 
167 323 16 
168 324 16 
169 324 16 
170 325 16 
171 325 16 
V
Segmentation 3
283 331 16 
284 330 16 
284 329 16 
284 328 16 
284 327 16 
283 326 16 
283 325 16 
283 324 16 
282 323 16 
281 323 16 
280 322 16 
279 321 16 
278 321 16 
277 322 16 
276 323 16 
276 324 16 
277 325 16 
278 326 16 
278 327 16 
279 328 16 
280 329 16 
281 330 16 
282 331 16 
283 331 16 
V
Segmentation 4
267 414 16 
268 413 16 
269 413 16 
270 413 16 
271 412 16 
272 412 16 
273 412 16 
274 411 16 
275 411 16 
276 410 16 
276 409 16 
277 408 16 
278 407 16 
279 406 16 
279 405 16 
280 404 16 
280 403 16 
280 402 16 
280 401 16 
281 400 16 
281 399 16 
282 398 16 
283 397 16 
284 397 16 
285 396 16 
285 395 16 
285 394 16 
285 393 16 
285 392 16 
285 391 16 
285 390 16 
284 389 16 
285 388 16 
286 387 16 
287 386 16 
288 385 16 
288 384 16 
288 383 16 
289 382 16 
288 381 16 
287 380 16 
287 379 16 
287 378 16 
286 377 16 
287 376 16 
287 375 16 
287 374 16 
287 373 16 
288 372 16 
288 371 16 
288 370 16 
288 369 16 
288 368 16 
288 367 16 
288 366 16 
289 365 16 
289 364 16 
289 363 16 
290 362 16 
290 361 16 
290 360 16 
290 359 16 
290 358 16 
290 357 16 
289 356 16 
289 355 16 
289 354 16 
289 353 16 
289 352 16 
290 351 16 
291 351 16 
292 350 16 
293 349 16 
293 348 16 
292 347 16 
292 346 16 
292 345 16 
291 344 16 
291 343 16 
291 342 16 
290 341 16 
289 341 16 
288 340 16 
287 340 16 
286 340 16 
285 340 16 
284 341 16 
284 342 16 
284 343 16 
284 344 16 
284 345 16 
284 346 16 
284 347 16 
284 348 16 
285 349 16 
285 350 16 
285 351 16 
285 352 16 
285 353 16 
285 354 16 
285 355 16 
285 356 16 
285 357 16 
285 358 16 
285 359 16 
284 360 16 
284 361 16 
284 362 16 
283 363 16 
283 364 16 
283 365 16 
282 366 16 
282 367 16 
281 367 16 
280 368 16 
279 369 16 
278 370 16 
278 371 16 
278 372 16 
278 373 16 
278 374 16 
278 375 16 
279 376 16 
279 377 16 
279 378 16 
278 379 16 
278 380 16 
278 381 16 
278 382 16 
278 383 16 
278 384 16 
278 385 16 
278 386 16 
278 387 16 
277 388 16 
276 389 16 
275 390 16 
275 391 16 
275 392 16 
276 393 16 
276 394 16 
277 395 16 
276 396 16 
276 397 16 
276 398 16 
276 399 16 
276 400 16 
276 401 16 
275 402 16 
274 401 16 
273 402 16 
273 403 16 
272 404 16 
271 404 16 
270 405 16 
270 406 16 
269 407 16 
268 406 16 
267 405 16 
267 404 16 
267 403 16 
266 402 16 
266 401 16 
266 400 16 
266 399 16 
266 398 16 
266 397 16 
266 396 16 
267 395 16 
268 394 16 
268 393 16 
268 392 16 
267 391 16 
267 390 16 
267 389 16 
266 388 16 
265 387 16 
264 387 16 
263 386 16 
262 386 16 
261 387 16 
260 387 16 
259 388 16 
258 389 16 
258 390 16 
258 391 16 
258 392 16 
258 393 16 
258 394 16 
258 395 16 
258 396 16 
257 396 16 
256 397 16 
255 397 16 
254 398 16 
254 399 16 
253 400 16 
253 401 16 
253 402 16 
253 403 16 
253 404 16 
254 405 16 
255 405 16 
256 405 16 
257 405 16 
258 406 16 
259 406 16 
260 407 16 
261 407 16 
261 408 16 
262 409 16 
262 410 16 
262 411 16 
262 412 16 
262 413 16 
263 414 16 
264 414 16 
265 414 16 
266 414 16 
267 414 16 
V
Segmentation 5
192 396 16 
193 395 16 
194 394 16 
194 393 16 
195 392 16 
195 391 16 
195 390 16 
195 389 16 
195 388 16 
195 387 16 
194 386 16 
193 386 16 
192 385 16 
191 385 16 
190 386 16 
189 387 16 
189 388 16 
189 389 16 
189 390 16 
190 391 16 
190 392 16 
190 393 16 
190 394 16 
190 395 16 
191 396 16 
192 396 16 
V
Segmentation 6
190 420 16 
191 419 16 
192 418 16 
192 417 16 
192 416 16 
192 415 16 
192 414 16 
192 413 16 
192 412 16 
193 411 16 
193 410 16 
193 409 16 
193 408 16 
193 407 16 
194 406 16 
195 405 16 
195 404 16 
195 403 16 
194 402 16 
193 402 16 
192 401 16 
191 401 16 
190 401 16 
189 402 16 
188 403 16 
189 404 16 
188 405 16 
188 406 16 
187 406 16 
186 406 16 
185 406 16 
185 405 16 
184 404 16 
184 403 16 
183 402 16 
183 401 16 
182 400 16 
182 399 16 
182 398 16 
182 397 16 
181 396 16 
181 395 16 
180 394 16 
179 394 16 
178 394 16 
177 395 16 
176 395 16 
175 396 16 
174 396 16 
173 397 16 
173 398 16 
173 399 16 
173 400 16 
173 401 16 
173 402 16 
173 403 16 
174 404 16 
175 405 16 
176 405 16 
177 405 16 
178 406 16 
179 406 16 
179 407 16 
179 408 16 
179 409 16 
180 410 16 
180 411 16 
180 412 16 
181 413 16 
181 414 16 
182 415 16 
183 416 16 
183 417 16 
183 418 16 
184 419 16 
185 419 16 
186 419 16 
187 420 16 
188 420 16 
189 420 16 
190 420 16 
V
Segmentation 0
183 203 17 
184 202 17 
185 202 17 
186 201 17 
187 200 17 
187 199 17 
187 198 17 
187 197 17 
187 196 17 
187 195 17 
188 194 17 
189 193 17 
189 192 17 
190 191 17 
190 190 17 
190 189 17 
190 188 17 
191 187 17 
190 186 17 
189 185 17 
188 184 17 
187 183 17 
186 183 17 
185 184 17 
184 184 17 
183 185 17 
182 185 17 
181 185 17 
180 185 17 
179 184 17 
178 183 17 
177 183 17 
176 184 17 
175 184 17 
174 185 17 
173 185 17 
172 186 17 
172 187 17 
171 188 17 
171 189 17 
171 190 17 
172 191 17 
172 192 17 
173 193 17 
174 194 17 
175 194 17 
176 195 17 
176 196 17 
176 197 17 
176 198 17 
176 199 17 
177 200 17 
178 201 17 
179 202 17 
180 202 17 
181 203 17 
182 203 17 
183 203 17 
V
Segmentation 1
154 261 17 
155 260 17 
156 260 17 
157 259 17 
158 259 17 
159 258 17 
160 257 17 
161 256 17 
162 255 17 
163 254 17 
163 253 17 
163 252 17 
164 251 17 
164 250 17 
164 249 17 
164 248 17 
165 247 17 
165 246 17 
165 245 17 
165 244 17 
165 243 17 
165 242 17 
165 241 17 
165 240 17 
165 239 17 
165 238 17 
165 237 17 
165 236 17 
165 235 17 
165 234 17 
165 233 17 
165 232 17 
165 231 17 
165 230 17 
165 229 17 
165 228 17 
165 227 17 
165 226 17 
165 225 17 
165 224 17 
165 223 17 
165 222 17 
166 221 17 
166 220 17 
166 219 17 
166 218 17 
166 217 17 
165 216 17 
164 215 17 
163 215 17 
162 214 17 
161 214 17 
160 214 17 
159 214 17 
158 214 17 
157 215 17 
156 215 17 
155 215 17 
154 216 17 
153 216 17 
152 217 17 
151 218 17 
151 219 17 
151 220 17 
151 221 17 
150 222 17 
149 222 17 
148 222 17 
147 222 17 
146 222 17 
145 222 17 
144 222 17 
143 223 17 
142 224 17 
141 225 17 
141 226 17 
141 227 17 
141 228 17 
140 229 17 
140 230 17 
140 231 17 
140 232 17 
140 233 17 
140 234 17 
140 235 17 
140 236 17 
140 237 17 
140 238 17 
140 239 17 
140 240 17 
140 241 17 
140 242 17 
140 243 17 
141 244 17 
141 245 17 
141 246 17 
141 247 17 
142 248 17 
142 249 17 
142 250 17 
142 251 17 
143 252 17 
143 253 17 
144 254 17 
144 255 17 
145 256 17 
145 257 17 
146 258 17 
147 259 17 
148 260 17 
149 260 17 
150 261 17 
151 261 17 
152 261 17 
153 261 17 
154 261 17 
V
Segmentation 2
283 237 17 
284 236 17 
284 235 17 
284 234 17 
283 233 17 
283 232 17 
282 231 17 
282 230 17 
281 229 17 
280 228 17 
279 227 17 
278 226 17 
277 225 17 
277 224 17 
276 223 17 
275 223 17 
274 222 17 
273 222 17 
272 222 17 
271 222 17 
270 222 17 
269 222 17 
268 223 17 
267 224 17 
266 225 17 
266 226 17 
265 227 17 
265 228 17 
265 229 17 
266 230 17 
267 231 17 
268 232 17 
269 233 17 
270 233 17 
271 234 17 
272 234 17 
273 235 17 
274 235 17 
275 236 17 
276 236 17 
277 236 17 
278 237 17 
279 237 17 
280 237 17 
281 237 17 
282 237 17 
283 237 17 
V
Segmentation 3
247 252 17 
248 251 17 
249 251 17 
250 250 17 
251 249 17 
251 248 17 
252 247 17 
252 246 17 
252 245 17 
252 244 17 
251 243 17 
250 242 17 
249 241 17 
248 241 17 
247 241 17 
246 241 17 
245 241 17 
244 241 17 
243 242 17 
242 243 17 
242 244 17 
242 245 17 
242 246 17 
242 247 17 
243 248 17 
243 249 17 
244 250 17 
245 251 17 
246 252 17 
247 252 17 
V
Segmentation 4
177 318 17 
178 317 17 
179 316 17 
180 315 17 
181 314 17 
182 313 17 
182 312 17 
183 311 17 
184 310 17 
185 309 17 
186 308 17 
187 307 17 
188 306 17 
189 305 17 
190 304 17 
190 303 17 
191 302 17 
190 301 17 
189 301 17 
188 300 17 
187 299 17 
186 298 17 
185 298 17 
184 298 17 
183 299 17 
182 299 17 
181 300 17 
181 301 17 
181 302 17 
180 303 17 
180 304 17 
180 305 17 
180 306 17 
180 307 17 
179 307 17 
178 307 17 
177 307 17 
176 307 17 
175 307 17 
174 307 17 
173 307 17 
172 308 17 
171 309 17 
171 310 17 
171 311 17 
171 312 17 
171 313 17 
171 314 17 
172 315 17 
173 316 17 
174 316 17 
175 317 17 
176 318 17 
177 318 17 
V
Segmentation 5
275 324 17 
276 323 17 
277 322 17 
278 322 17 
279 321 17 
280 320 17 
280 319 17 
280 318 17 
281 317 17 
281 316 17 
280 315 17 
279 315 17 
278 314 17 
277 314 17 
276 313 17 
275 313 17 
274 313 17 
273 314 17 
272 314 17 
271 315 17 
270 316 17 
269 317 17 
270 318 17 
271 319 17 
272 320 17 
272 321 17 
273 322 17 
274 323 17 
275 324 17 
V
Segmentation 6
171 342 17 
172 341 17 
173 340 17 
173 339 17 
173 338 17 
173 337 17 
173 336 17 
173 335 17 
173 334 17 
172 333 17 
172 332 17 
172 331 17 
172 330 17 
172 329 17 
173 328 17 
173 327 17 
173 326 17 
173 325 17 
172 324 17 
171 324 17 
170 323 17 
169 323 17 
168 322 17 
167 322 17 
166 321 17 
165 322 17 
164 323 17 
163 324 17 
162 325 17 
161 326 17 
162 327 17 
162 328 17 
162 329 17 
162 330 17 
163 331 17 
164 332 17 
165 333 17 
165 334 17 
165 335 17 
165 336 17 
165 337 17 
165 338 17 
165 339 17 
166 340 17 
167 340 17 
168 341 17 
169 341 17 
170 341 17 
171 342 17 
V
Segmentation 7
287 364 17 
288 363 17 
288 362 17 
288 361 17 
288 360 17 
288 359 17 
289 358 17 
289 357 17 
289 356 17 
288 355 17 
288 354 17 
287 353 17 
287 352 17 
287 351 17 
288 350 17 
289 349 17 
290 348 17 
291 347 17 
291 346 17 
291 345 17 
291 344 17 
291 343 17 
291 342 17 
291 341 17 
291 340 17 
290 339 17 
289 339 17 
288 339 17 
287 340 17 
286 340 17 
285 340 17 
284 341 17 
283 341 17 
282 341 17 
281 341 17 
280 342 17 
280 343 17 
280 344 17 
280 345 17 
281 346 17 
281 347 17 
281 348 17 
281 349 17 
281 350 17 
281 351 17 
282 352 17 
282 353 17 
282 354 17 
282 355 17 
282 356 17 
282 357 17 
281 358 17 
281 359 17 
281 360 17 
280 361 17 
280 362 17 
281 363 17 
282 364 17 
283 364 17 
284 364 17 
285 364 17 
286 364 17 
287 364 17 
V
Segmentation 8
173 366 17 
174 365 17 
175 365 17 
176 364 17 
176 363 17 
176 362 17 
175 361 17 
175 360 17 
175 359 17 
175 358 17 
175 357 17 
174 356 17 
173 356 17 
172 356 17 
171 356 17 
170 356 17 
169 356 17 
168 356 17 
167 357 17 
166 358 17 
166 359 17 
166 360 17 
166 361 17 
167 362 17 
167 363 17 
167 364 17 
168 365 17 
169 366 17 
170 366 17 
171 366 17 
172 366 17 
173 366 17 
V
Segmentation 9
192 400 17 
193 399 17 
194 398 17 
195 398 17 
196 397 17 
197 396 17 
197 395 17 
196 394 17 
196 393 17 
196 392 17 
195 391 17 
195 390 17 
194 389 17 
193 388 17 
192 388 17 
191 388 17 
190 388 17 
189 388 17 
188 388 17 
187 389 17 
187 390 17 
187 391 17 
187 392 17 
186 393 17 
186 394 17 
186 395 17 
187 396 17 
187 397 17 
188 398 17 
189 399 17 
190 400 17 
191 400 17 
192 400 17 
V
Segmentation 10
266 412 17 
267 411 17 
268 410 17 
269 410 17 
270 409 17 
270 408 17 
270 407 17 
270 406 17 
270 405 17 
270 404 17 
271 403 17 
271 402 17 
271 401 17 
271 400 17 
271 399 17 
272 398 17 
272 397 17 
272 396 17 
271 395 17 
270 395 17 
269 394 17 
268 394 17 
267 393 17 
266 394 17 
265 394 17 
264 395 17 
263 396 17 
262 396 17 
261 397 17 
261 398 17 
261 399 17 
261 400 17 
261 401 17 
261 402 17 
260 403 17 
260 404 17 
260 405 17 
260 406 17 
260 407 17 
261 408 17 
261 409 17 
261 410 17 
262 411 17 
263 411 17 
264 411 17 
265 411 17 
266 412 17 
V
Segmentation 11
205 409 17 
206 408 17 
206 407 17 
206 406 17 
206 405 17 
205 404 17 
205 403 17 
205 402 17 
205 401 17 
205 400 17 
205 399 17 
205 398 17 
205 397 17 
204 396 17 
203 396 17 
202 397 17 
201 397 17 
200 397 17 
199 397 17 
198 397 17 
197 398 17 
197 399 17 
197 400 17 
197 401 17 
196 402 17 
197 403 17 
197 404 17 
197 405 17 
198 406 17 
199 406 17 
200 407 17 
201 408 17 
202 409 17 
203 409 17 
204 409 17 
205 409 17 
V
Segmentation 0
168 232 18 
169 231 18 
170 230 18 
171 229 18 
171 228 18 
171 227 18 
171 226 18 
172 226 18 
173 225 18 
174 224 18 
174 223 18 
174 222 18 
174 221 18 
175 220 18 
175 219 18 
176 219 18 
177 218 18 
178 217 18 
178 216 18 
178 215 18 
178 214 18 
178 213 18 
178 212 18 
179 212 18 
180 211 18 
181 211 18 
182 210 18 
183 211 18 
184 211 18 
185 211 18 
186 211 18 
187 211 18 
188 211 18 
189 210 18 
190 209 18 
190 208 18 
190 207 18 
190 206 18 
191 205 18 
190 204 18 
189 203 18 
188 202 18 
187 202 18 
186 201 18 
186 200 18 
186 199 18 
186 198 18 
186 197 18 
187 196 18 
187 195 18 
187 194 18 
188 193 18 
189 192 18 
190 191 18 
190 190 18 
191 189 18 
192 188 18 
191 187 18 
191 186 18 
191 185 18 
190 184 18 
190 183 18 
189 182 18 
188 181 18 
187 181 18 
186 180 18 
185 180 18 
184 180 18 
183 181 18 
182 182 18 
182 183 18 
182 184 18 
182 185 18 
181 186 18 
181 187 18 
181 188 18 
181 189 18 
181 190 18 
182 191 18 
182 192 18 
181 192 18 
180 193 18 
179 194 18 
178 194 18 
177 195 18 
177 196 18 
177 197 18 
177 198 18 
177 199 18 
177 200 18 
177 201 18 
177 202 18 
176 203 18 
175 204 18 
174 205 18 
174 206 18 
173 207 18 
172 208 18 
172 209 18 
171 210 18 
171 211 18 
170 211 18 
169 212 18 
169 213 18 
169 214 18 
169 215 18 
169 216 18 
168 217 18 
167 218 18 
166 219 18 
166 220 18 
165 221 18 
165 222 18 
165 223 18 
165 224 18 
165 225 18 
164 225 18 
163 226 18 
162 227 18 
162 228 18 
162 229 18 
163 230 18 
164 231 18 
165 231 18 
166 232 18 
167 232 18 
168 232 18 
V
Segmentation 1
257 213 18 
258 212 18 
259 212 18 
260 211 18 
261 211 18 
262 210 18 
263 210 18 
264 209 18 
264 208 18 
264 207 18 
265 206 18 
264 205 18 
263 205 18 
262 204 18 
261 203 18 
260 203 18 
259 202 18 
258 202 18 
257 202 18 
256 202 18 
255 203 18 
254 204 18 
254 205 18 
254 206 18 
254 207 18 
254 208 18 
254 209 18 
254 210 18 
254 211 18 
255 212 18 
256 213 18 
257 213 18 
V
Segmentation 2
287 221 18 
288 220 18 
288 219 18 
288 218 18 
288 217 18 
288 216 18 
289 215 18 
289 214 18 
289 213 18 
288 212 18 
287 211 18 
286 210 18 
285 210 18 
284 210 18 
283 210 18 
282 211 18 
281 212 18 
280 213 18 
280 214 18 
279 215 18 
278 216 18 
278 217 18 
279 218 18 
280 219 18 
281 220 18 
282 221 18 
283 221 18 
284 221 18 
285 221 18 
286 221 18 
287 221 18 
V
Segmentation 3
270 236 18 
271 235 18 
272 234 18 
273 234 18 
274 233 18 
275 233 18 
276 233 18 
277 232 18 
278 232 18 
279 233 18 
280 233 18 
281 233 18 
282 234 18 
283 234 18 
284 233 18 
284 232 18 
283 231 18 
282 231 18 
281 230 18 
281 229 18 
282 228 18 
282 227 18 
282 226 18 
281 225 18 
280 224 18 
279 224 18 
278 223 18 
277 223 18 
276 224 18 
275 225 18 
274 225 18 
273 225 18 
272 225 18 
271 226 18 
271 227 18 
271 228 18 
271 229 18 
271 230 18 
270 231 18 
269 232 18 
269 233 18 
269 234 18 
269 235 18 
270 236 18 
V
Segmentation 4
227 238 18 
228 237 18 
228 236 18 
227 235 18 
226 236 18 
226 237 18 
227 238 18 
V
Segmentation 5
177 320 18 
178 319 18 
178 318 18 
179 317 18 
179 316 18 
180 315 18 
180 314 18 
181 313 18 
181 312 18 
182 311 18 
183 310 18 
183 309 18 
184 308 18 
185 307 18 
186 306 18 
186 305 18 
187 304 18 
187 303 18 
188 302 18 
189 301 18 
189 300 18 
190 299 18 
191 298 18 
191 297 18 
192 296 18 
192 295 18 
192 294 18 
193 293 18 
192 292 18 
191 292 18 
190 292 18 
189 292 18 
188 292 18 
187 292 18 
186 292 18 
185 292 18 
184 293 18 
184 294 18 
183 295 18 
183 296 18 
183 297 18 
182 298 18 
182 299 18 
181 300 18 
180 301 18 
180 302 18 
179 303 18 
179 304 18 
178 305 18 
177 306 18 
177 307 18 
176 307 18 
175 307 18 
174 307 18 
173 308 18 
172 309 18 
171 309 18 
170 310 18 
169 311 18 
169 312 18 
169 313 18 
170 314 18 
171 315 18 
172 316 18 
173 317 18 
174 317 18 
175 318 18 
176 319 18 
177 320 18 
V
Segmentation 6
275 323 18 
276 322 18 
277 322 18 
278 321 18 
278 320 18 
279 319 18 
279 318 18 
279 317 18 
279 316 18 
279 315 18 
279 314 18 
278 313 18 
277 313 18 
276 312 18 
275 312 18 
276 311 18 
276 310 18 
275 309 18 
274 308 18 
273 307 18 
272 306 18 
271 306 18 
270 305 18 
270 304 18 
270 303 18 
270 302 18 
271 301 18 
271 300 18 
271 299 18 
270 298 18 
269 297 18 
268 297 18 
267 296 18 
266 295 18 
265 296 18 
264 297 18 
263 297 18 
262 298 18 
261 298 18 
260 299 18 
261 300 18 
261 301 18 
262 302 18 
262 303 18 
263 304 18 
263 305 18 
264 306 18 
264 307 18 
265 308 18 
265 309 18 
266 310 18 
266 311 18 
267 312 18 
267 313 18 
267 314 18 
268 315 18 
269 316 18 
269 317 18 
270 318 18 
270 319 18 
271 320 18 
271 321 18 
272 322 18 
273 323 18 
274 323 18 
275 323 18 
V
Segmentation 7
168 356 18 
169 355 18 
170 354 18 
171 354 18 
172 354 18 
173 354 18 
174 353 18 
174 352 18 
175 352 18 
176 351 18 
177 350 18 
178 349 18 
178 348 18 
178 347 18 
178 346 18 
178 345 18 
178 344 18 
178 343 18 
178 342 18 
178 341 18 
177 340 18 
177 339 18 
177 338 18 
177 337 18 
176 336 18 
176 335 18 
176 334 18 
175 333 18 
174 332 18 
174 331 18 
173 330 18 
172 329 18 
171 328 18 
170 328 18 
169 328 18 
168 329 18 
167 329 18 
166 330 18 
165 331 18 
164 332 18 
163 333 18 
163 334 18 
163 335 18 
163 336 18 
162 337 18 
162 338 18 
162 339 18 
162 340 18 
162 341 18 
162 342 18 
162 343 18 
162 344 18 
162 345 18 
162 346 18 
162 347 18 
163 348 18 
163 349 18 
163 350 18 
164 351 18 
164 352 18 
164 353 18 
165 354 18 
165 355 18 
166 356 18 
167 356 18 
168 356 18 
V
Segmentation 8
283 359 18 
284 358 18 
284 357 18 
284 356 18 
285 355 18 
285 354 18 
285 353 18 
285 352 18 
284 351 18 
284 350 18 
283 349 18 
282 349 18 
281 349 18 
280 349 18 
279 350 18 
278 350 18 
277 350 18 
276 351 18 
277 352 18 
277 353 18 
277 354 18 
277 355 18 
277 356 18 
278 357 18 
279 358 18 
280 358 18 
281 358 18 
282 359 18 
283 359 18 
V
Segmentation 9
255 423 18 
256 422 18 
257 421 18 
258 420 18 
259 419 18 
259 418 18 
259 417 18 
259 416 18 
258 415 18 
257 414 18 
257 413 18 
256 412 18 
255 411 18 
254 411 18 
253 411 18 
252 411 18 
251 411 18 
250 411 18 
249 412 18 
248 413 18 
248 414 18 
248 415 18 
249 416 18 
249 417 18 
249 418 18 
249 419 18 
250 420 18 
251 421 18 
252 422 18 
253 423 18 
254 423 18 
255 423 18 
V
Segmentation 0
255 216 19 
256 215 19 
257 214 19 
257 213 19 
258 212 19 
258 211 19 
258 210 19 
258 209 19 
258 208 19 
257 207 19 
257 206 19 
256 205 19 
255 204 19 
254 204 19 
253 204 19 
252 205 19 
251 205 19 
250 205 19 
249 206 19 
248 207 19 
248 208 19 
249 209 19 
249 210 19 
250 211 19 
250 212 19 
251 213 19 
252 214 19 
252 215 19 
253 216 19 
254 216 19 
255 216 19 
V
Segmentation 1
185 228 19 
186 227 19 
187 227 19 
188 226 19 
189 226 19 
190 225 19 
191 225 19 
192 224 19 
192 223 19 
192 222 19 
192 221 19 
191 220 19 
190 219 19 
189 219 19 
188 218 19 
187 218 19 
186 217 19 
185 217 19 
184 217 19 
183 218 19 
182 218 19 
181 219 19 
181 220 19 
181 221 19 
181 222 19 
181 223 19 
181 224 19 
181 225 19 
182 226 19 
183 226 19 
184 227 19 
185 228 19 
V
Segmentation 2
174 233 19 
175 232 19 
176 232 19 
177 231 19 
178 230 19 
179 229 19 
180 228 19 
180 227 19 
180 226 19 
180 225 19 
179 224 19 
178 223 19 
177 223 19 
176 222 19 
175 222 19 
174 222 19 
173 222 19 
172 223 19 
171 224 19 
170 225 19 
169 226 19 
169 227 19 
170 228 19 
170 229 19 
170 230 19 
169 231 19 
169 232 19 
170 233 19 
171 233 19 
172 233 19 
173 233 19 
174 233 19 
V
Segmentation 3
270 241 19 
271 240 19 
271 239 19 
272 238 19 
273 237 19 
274 236 19 
274 235 19 
274 234 19 
273 233 19 
272 232 19 
271 231 19 
270 231 19 
269 231 19 
268 231 19 
267 231 19 
266 231 19 
265 232 19 
265 233 19 
264 234 19 
264 235 19 
264 236 19 
265 237 19 
264 238 19 
264 239 19 
265 240 19 
266 241 19 
267 241 19 
268 241 19 
269 241 19 
270 241 19 
V
Segmentation 4
196 261 19 
197 260 19 
197 259 19 
197 258 19 
197 257 19 
197 256 19 
197 255 19 
196 254 19 
196 253 19 
196 252 19 
195 251 19 
195 250 19 
195 249 19 
195 248 19 
195 247 19 
195 246 19 
195 245 19 
195 244 19 
195 243 19 
195 242 19 
195 241 19 
195 240 19 
195 239 19 
195 238 19 
195 237 19 
195 236 19 
195 235 19 
195 234 19 
194 233 19 
193 233 19 
192 233 19 
191 233 19 
190 233 19 
189 233 19 
188 233 19 
187 233 19 
186 232 19 
185 232 19 
184 233 19 
183 233 19 
182 233 19 
181 234 19 
180 234 19 
179 235 19 
179 236 19 
179 237 19 
179 238 19 
179 239 19 
179 240 19 
180 241 19 
181 241 19 
182 241 19 
183 242 19 
184 242 19 
185 242 19 
186 243 19 
186 244 19 
186 245 19 
186 246 19 
186 247 19 
186 248 19 
187 249 19 
188 250 19 
189 251 19 
189 252 19 
189 253 19 
188 254 19 
188 255 19 
188 256 19 
188 257 19 
187 258 19 
188 259 19 
189 259 19 
190 259 19 
191 260 19 
192 260 19 
193 260 19 
194 260 19 
195 260 19 
196 261 19 
V
Segmentation 5
295 283 19 
296 282 19 
297 282 19 
298 281 19 
299 280 19 
299 279 19 
300 278 19 
301 277 19 
301 276 19 
302 275 19 
302 274 19 
302 273 19 
301 272 19 
301 271 19 
302 270 19 
302 269 19 
302 268 19 
302 267 19 
302 266 19 
301 265 19 
300 264 19 
299 263 19 
298 263 19 
297 264 19 
296 264 19 
295 264 19 
294 265 19 
294 266 19 
293 267 19 
293 268 19 
293 269 19 
292 270 19 
292 271 19 
292 272 19 
292 273 19 
292 274 19 
292 275 19 
292 276 19 
293 277 19 
293 278 19 
293 279 19 
293 280 19 
293 281 19 
294 282 19 
295 283 19 
V
Segmentation 6
135 281 19 
136 280 19 
137 279 19 
137 278 19 
138 277 19 
139 276 19 
139 275 19 
139 274 19 
138 273 19 
137 273 19 
136 272 19 
135 271 19 
134 271 19 
133 271 19 
132 271 19 
131 271 19 
130 272 19 
129 273 19 
128 274 19 
127 274 19 
126 275 19 
127 276 19 
128 277 19 
128 278 19 
129 279 19 
129 280 19 
130 281 19 
131 281 19 
132 281 19 
133 281 19 
134 281 19 
135 281 19 
V
Segmentation 7
182 316 19 
183 315 19 
184 315 19 
185 314 19 
185 313 19 
185 312 19 
186 311 19 
186 310 19 
186 309 19 
187 308 19 
187 307 19 
187 306 19 
187 305 19 
188 304 19 
188 303 19 
188 302 19 
189 301 19 
189 300 19 
189 299 19 
190 298 19 
190 297 19 
190 296 19 
190 295 19 
190 294 19 
191 293 19 
191 292 19 
191 291 19 
192 290 19 
192 289 19 
192 288 19 
192 287 19 
193 286 19 
193 285 19 
193 284 19 
194 283 19 
194 282 19 
194 281 19 
195 280 19 
195 279 19 
194 278 19 
194 277 19 
194 276 19 
193 275 19 
192 275 19 
191 275 19 
190 275 19 
189 275 19 
188 275 19 
187 276 19 
186 277 19 
186 278 19 
186 279 19 
186 280 19 
186 281 19 
186 282 19 
185 283 19 
184 284 19 
183 284 19 
182 285 19 
181 286 19 
181 287 19 
181 288 19 
182 289 19 
183 290 19 
183 291 19 
184 292 19 
185 293 19 
185 294 19 
184 295 19 
183 296 19 
182 297 19 
181 297 19 
180 298 19 
181 299 19 
181 300 19 
182 301 19 
182 302 19 
182 303 19 
182 304 19 
181 304 19 
180 305 19 
179 305 19 
178 306 19 
177 307 19 
177 308 19 
177 309 19 
177 310 19 
177 311 19 
177 312 19 
178 313 19 
179 314 19 
180 314 19 
181 315 19 
182 316 19 
V
Segmentation 8
268 320 19 
269 319 19 
269 318 19 
270 318 19 
271 317 19 
272 317 19 
273 316 19 
274 316 19 
275 315 19 
275 314 19 
275 313 19 
275 312 19 
275 311 19 
274 310 19 
274 309 19 
273 308 19 
272 307 19 
271 307 19 
271 306 19 
271 305 19 
271 304 19 
271 303 19 
271 302 19 
271 301 19 
271 300 19 
270 299 19 
269 299 19 
268 298 19 
267 298 19 
266 297 19 
266 296 19 
267 295 19 
267 294 19 
267 293 19 
268 292 19 
267 291 19 
266 290 19 
265 289 19 
264 288 19 
263 287 19 
262 286 19 
263 285 19 
264 284 19 
265 283 19 
266 282 19 
266 281 19 
266 280 19 
266 279 19 
266 278 19 
265 277 19 
264 276 19 
263 276 19 
262 275 19 
261 275 19 
260 275 19 
259 275 19 
258 276 19 
257 276 19 
256 277 19 
255 278 19 
256 279 19 
256 280 19 
256 281 19 
257 282 19 
257 283 19 
257 284 19 
257 285 19 
258 286 19 
258 287 19 
258 288 19 
258 289 19 
259 290 19 
259 291 19 
259 292 19 
260 293 19 
260 294 19 
260 295 19 
261 296 19 
261 297 19 
261 298 19 
262 299 19 
262 300 19 
262 301 19 
263 302 19 
263 303 19 
263 304 19 
263 305 19 
264 306 19 
264 307 19 
264 308 19 
265 309 19 
265 310 19 
265 311 19 
266 312 19 
266 313 19 
266 314 19 
266 315 19 
266 316 19 
267 317 19 
267 318 19 
267 319 19 
268 320 19 
V
Segmentation 9
279 363 19 
280 362 19 
281 362 19 
282 361 19 
283 360 19 
283 359 19 
284 358 19 
284 357 19 
284 356 19 
285 355 19 
285 354 19 
285 353 19 
285 352 19 
286 351 19 
286 350 19 
286 349 19 
286 348 19 
286 347 19 
287 346 19 
287 345 19 
287 344 19 
287 343 19 
287 342 19 
287 341 19 
286 340 19 
286 339 19 
286 338 19 
286 337 19 
286 336 19 
285 335 19 
285 334 19 
285 333 19 
285 332 19 
285 331 19 
284 330 19 
284 329 19 
284 328 19 
283 327 19 
283 326 19 
282 325 19 
281 324 19 
280 324 19 
279 323 19 
278 323 19 
277 323 19 
276 324 19 
275 324 19 
274 324 19 
273 325 19 
272 326 19 
271 327 19 
270 328 19 
269 329 19 
268 330 19 
267 330 19 
266 331 19 
265 332 19 
264 333 19 
263 334 19 
262 335 19 
261 335 19 
260 336 19 
259 336 19 
258 336 19 
257 337 19 
257 338 19 
257 339 19 
257 340 19 
257 341 19 
257 342 19 
257 343 19 
257 344 19 
257 345 19 
257 346 19 
257 347 19 
258 348 19 
258 349 19 
258 350 19 
259 351 19 
259 352 19 
260 353 19 
260 354 19 
261 355 19 
261 356 19 
262 357 19 
263 358 19 
264 359 19 
265 360 19 
266 361 19 
267 362 19 
268 362 19 
269 363 19 
270 363 19 
271 363 19 
272 363 19 
273 363 19 
274 363 19 
275 363 19 
276 363 19 
277 363 19 
278 363 19 
279 363 19 
V
Segmentation 10
170 364 19 
171 363 19 
172 362 19 
172 361 19 
173 360 19 
174 359 19 
175 359 19 
176 359 19 
177 359 19 
178 359 19 
179 359 19 
180 359 19 
181 359 19 
182 358 19 
183 357 19 
183 356 19 
183 355 19 
183 354 19 
183 353 19 
184 352 19 
183 351 19 
183 350 19 
183 349 19 
184 349 19 
185 348 19 
186 347 19 
186 346 19 
185 345 19 
186 344 19 
186 343 19 
186 342 19 
185 341 19 
184 340 19 
183 340 19 
182 339 19 
182 338 19 
182 337 19 
182 336 19 
182 335 19 
182 334 19 
181 333 19 
180 333 19 
179 332 19 
178 331 19 
177 331 19 
176 332 19 
175 332 19 
174 331 19 
173 331 19 
172 331 19 
171 330 19 
170 330 19 
169 330 19 
168 330 19 
167 330 19 
166 330 19 
165 331 19 
164 332 19 
164 333 19 
163 334 19 
163 335 19 
163 336 19 
162 337 19 
161 338 19 
160 339 19 
159 340 19 
159 341 19 
159 342 19 
159 343 19 
159 344 19 
159 345 19 
160 346 19 
161 347 19 
162 347 19 
163 347 19 
164 348 19 
165 348 19 
165 349 19 
165 350 19 
165 351 19 
165 352 19 
165 353 19 
165 354 19 
164 355 19 
163 356 19 
162 357 19 
162 358 19 
162 359 19 
163 360 19 
164 361 19 
165 362 19 
165 363 19 
166 364 19 
167 364 19 
168 364 19 
169 364 19 
170 364 19 
V
Segmentation 11
292 372 19 
293 371 19 
294 371 19 
295 371 19 
296 370 19 
297 369 19 
297 368 19 
297 367 19 
297 366 19 
297 365 19 
296 364 19 
295 363 19 
294 363 19 
293 363 19 
292 362 19 
291 362 19 
290 361 19 
289 362 19 
288 363 19 
287 364 19 
286 365 19 
286 366 19 
286 367 19 
286 368 19 
286 369 19 
287 370 19 
288 371 19 
289 372 19 
290 372 19 
291 372 19 
292 372 19 
V
Segmentation 0
187 197 20 
188 196 20 
188 195 20 
188 194 20 
188 193 20 
187 192 20 
187 191 20 
187 190 20 
187 189 20 
187 188 20 
186 187 20 
185 186 20 
184 186 20 
183 186 20 
182 186 20 
181 187 20 
180 187 20 
179 188 20 
178 189 20 
178 190 20 
178 191 20 
178 192 20 
179 193 20 
180 194 20 
181 195 20 
182 195 20 
183 196 20 
184 196 20 
185 197 20 
186 197 20 
187 197 20 
V
Segmentation 1
297 285 20 
298 284 20 
299 284 20 
300 284 20 
301 283 20 
301 282 20 
301 281 20 
302 280 20 
303 279 20 
303 278 20 
303 277 20 
302 276 20 
302 275 20 
302 274 20 
302 273 20 
302 272 20 
302 271 20 
302 270 20 
302 269 20 
302 268 20 
301 267 20 
300 267 20 
299 267 20 
298 267 20 
297 267 20 
296 267 20 
295 268 20 
294 269 20 
293 270 20 
293 271 20 
293 272 20 
293 273 20 
292 274 20 
292 275 20 
292 276 20 
292 277 20 
292 278 20 
292 279 20 
292 280 20 
292 281 20 
293 282 20 
294 282 20 
295 282 20 
295 283 20 
295 284 20 
296 285 20 
297 285 20 
V
Segmentation 2
267 359 20 
268 358 20 
269 357 20 
270 356 20 
271 355 20 
271 354 20 
272 353 20 
272 352 20 
273 351 20 
274 350 20 
275 350 20 
276 349 20 
277 348 20 
276 347 20 
276 346 20 
275 345 20 
275 344 20 
274 343 20 
274 342 20 
273 341 20 
273 340 20 
274 340 20 
275 340 20 
276 339 20 
277 339 20 
278 338 20 
279 337 20 
280 336 20 
281 335 20 
282 334 20 
281 333 20 
281 332 20 
280 331 20 
279 330 20 
278 329 20 
277 328 20 
277 327 20 
277 326 20 
277 325 20 
276 324 20 
275 324 20 
274 323 20 
273 322 20 
272 321 20 
271 322 20 
270 322 20 
269 323 20 
268 323 20 
267 323 20 
266 323 20 
265 322 20 
264 321 20 
263 322 20 
262 322 20 
261 322 20 
260 322 20 
259 323 20 
259 324 20 
259 325 20 
259 326 20 
259 327 20 
259 328 20 
259 329 20 
259 330 20 
258 330 20 
257 330 20 
256 331 20 
255 332 20 
254 333 20 
255 334 20 
255 335 20 
255 336 20 
255 337 20 
256 338 20 
257 338 20 
258 339 20 
259 340 20 
260 341 20 
260 342 20 
260 343 20 
260 344 20 
260 345 20 
260 346 20 
260 347 20 
261 348 20 
261 349 20 
261 350 20 
261 351 20 
260 352 20 
260 353 20 
260 354 20 
260 355 20 
259 356 20 
259 357 20 
260 358 20 
261 359 20 
262 359 20 
263 359 20 
264 358 20 
265 358 20 
266 358 20 
267 359 20 
V
Segmentation 3
170 359 20 
171 358 20 
172 358 20 
173 357 20 
174 357 20 
175 356 20 
175 355 20 
175 354 20 
176 353 20 
176 352 20 
176 351 20 
177 350 20 
178 349 20 
179 348 20 
179 347 20 
179 346 20 
179 345 20 
179 344 20 
180 343 20 
180 342 20 
180 341 20 
179 340 20 
178 340 20 
177 339 20 
176 338 20 
175 338 20 
174 338 20 
173 339 20 
172 340 20 
172 341 20 
171 341 20 
170 342 20 
169 341 20 
168 341 20 
167 340 20 
166 340 20 
165 339 20 
164 339 20 
163 339 20 
162 340 20 
161 341 20 
161 342 20 
161 343 20 
161 344 20 
160 345 20 
160 346 20 
160 347 20 
161 348 20 
162 349 20 
163 349 20 
164 349 20 
165 349 20 
166 350 20 
166 351 20 
166 352 20 
166 353 20 
166 354 20 
166 355 20 
166 356 20 
167 357 20 
168 357 20 
169 358 20 
170 359 20 
V
Segmentation 4
297 374 20 
298 373 20 
299 372 20 
299 371 20 
298 370 20 
298 369 20 
297 368 20 
297 367 20 
296 366 20 
295 366 20 
294 365 20 
293 364 20 
292 364 20 
291 364 20 
290 364 20 
289 365 20 
289 366 20 
288 367 20 
288 368 20 
289 369 20 
289 370 20 
290 371 20 
291 371 20 
292 372 20 
293 372 20 
294 373 20 
295 374 20 
296 374 20 
297 374 20 
V
Segmentation 0
276 247 21 
277 246 21 
278 245 21 
278 244 21 
279 243 21 
279 242 21 
278 241 21 
278 240 21 
278 239 21 
279 238 21 
279 237 21 
279 236 21 
278 235 21 
277 235 21 
276 235 21 
275 235 21 
274 236 21 
273 237 21 
272 237 21 
271 238 21 
270 239 21 
270 240 21 
270 241 21 
270 242 21 
270 243 21 
270 244 21 
271 245 21 
272 246 21 
273 247 21 
274 247 21 
275 247 21 
276 247 21 
V
Segmentation 1
181 330 21 
182 329 21 
183 329 21 
184 329 21 
185 328 21 
186 327 21 
186 326 21 
186 325 21 
187 324 21 
188 324 21 
189 323 21 
190 322 21 
190 321 21 
190 320 21 
190 319 21 
190 318 21 
190 317 21 
190 316 21 
190 315 21 
189 314 21 
188 314 21 
187 314 21 
186 314 21 
185 314 21 
184 315 21 
183 316 21 
182 317 21 
181 318 21 
180 317 21 
179 317 21 
178 316 21 
177 315 21 
176 314 21 
175 314 21 
174 314 21 
173 315 21 
172 316 21 
171 317 21 
171 318 21 
170 319 21 
170 320 21 
169 321 21 
170 322 21 
171 323 21 
172 323 21 
173 323 21 
174 324 21 
175 325 21 
176 326 21 
176 327 21 
176 328 21 
177 329 21 
178 330 21 
179 330 21 
180 330 21 
181 330 21 
V
Segmentation 0
276 246 22 
277 245 22 
278 244 22 
279 243 22 
280 242 22 
281 241 22 
281 240 22 
281 239 22 
281 238 22 
280 237 22 
279 236 22 
278 235 22 
277 235 22 
276 235 22 
275 235 22 
274 236 22 
273 236 22 
272 237 22 
272 238 22 
271 239 22 
271 240 22 
270 241 22 
270 242 22 
270 243 22 
271 244 22 
272 244 22 
273 245 22 
274 245 22 
275 246 22 
276 246 22 
V
Segmentation 1
254 277 22 
255 276 22 
256 275 22 
256 274 22 
257 275 22 
258 275 22 
259 275 22 
260 275 22 
261 274 22 
262 274 22 
263 273 22 
263 272 22 
263 271 22 
263 270 22 
264 269 22 
264 268 22 
264 267 22 
263 266 22 
262 266 22 
261 265 22 
260 265 22 
259 264 22 
258 264 22 
257 263 22 
256 264 22 
255 265 22 
255 266 22 
254 265 22 
253 264 22 
252 263 22 
252 262 22 
252 261 22 
252 260 22 
252 259 22 
252 258 22 
252 257 22 
251 256 22 
250 256 22 
249 256 22 
248 256 22 
247 255 22 
246 255 22 
245 255 22 
244 255 22 
243 256 22 
243 257 22 
243 258 22 
243 259 22 
242 260 22 
242 261 22 
242 262 22 
242 263 22 
242 264 22 
242 265 22 
243 266 22 
244 266 22 
245 266 22 
246 267 22 
247 267 22 
248 267 22 
248 268 22 
248 269 22 
248 270 22 
248 271 22 
248 272 22 
249 273 22 
249 274 22 
250 275 22 
251 276 22 
252 277 22 
253 277 22 
254 277 22 
V
Segmentation 2
185 293 22 
186 292 22 
187 292 22 
188 291 22 
188 290 22 
189 289 22 
190 288 22 
190 287 22 
190 286 22 
189 285 22 
189 284 22 
189 283 22 
189 282 22 
188 281 22 
187 281 22 
186 282 22 
185 282 22 
184 282 22 
183 283 22 
182 284 22 
182 285 22 
182 286 22 
182 287 22 
182 288 22 
182 289 22 
182 290 22 
182 291 22 
183 292 22 
184 293 22 
185 293 22 
V
Segmentation 3
190 331 22 
191 330 22 
192 330 22 
193 329 22 
194 329 22 
195 328 22 
196 327 22 
196 326 22 
196 325 22 
195 324 22 
194 324 22 
193 323 22 
192 322 22 
191 321 22 
190 321 22 
190 320 22 
190 319 22 
190 318 22 
190 317 22 
189 316 22 
188 315 22 
187 314 22 
186 314 22 
185 314 22 
184 314 22 
183 315 22 
182 315 22 
181 316 22 
180 315 22 
179 315 22 
178 314 22 
177 314 22 
176 314 22 
175 315 22 
174 315 22 
173 315 22 
172 316 22 
172 317 22 
172 318 22 
172 319 22 
172 320 22 
172 321 22 
172 322 22 
173 323 22 
174 324 22 
175 324 22 
176 325 22 
176 326 22 
176 327 22 
176 328 22 
176 329 22 
177 330 22 
178 331 22 
179 331 22 
180 331 22 
181 331 22 
182 330 22 
183 330 22 
184 329 22 
185 330 22 
186 330 22 
187 331 22 
188 331 22 
189 331 22 
190 331 22 
V
