Segmentation 0
339 311 15 
340 310 15 
341 309 15 
342 308 15 
343 307 15 
344 307 15 
345 306 15 
346 305 15 
346 304 15 
346 303 15 
347 302 15 
347 301 15 
347 300 15 
347 299 15 
347 298 15 
348 297 15 
349 296 15 
350 296 15 
351 295 15 
352 294 15 
351 293 15 
350 292 15 
349 291 15 
349 290 15 
349 289 15 
348 288 15 
347 287 15 
346 286 15 
346 285 15 
345 284 15 
344 284 15 
343 284 15 
342 285 15 
341 286 15 
341 287 15 
341 288 15 
341 289 15 
340 290 15 
340 291 15 
340 292 15 
339 293 15 
339 294 15 
339 295 15 
340 296 15 
340 297 15 
339 298 15 
338 299 15 
338 300 15 
338 301 15 
337 302 15 
338 303 15 
339 304 15 
339 305 15 
339 306 15 
338 307 15 
338 308 15 
337 309 15 
338 310 15 
339 311 15 
V
Segmentation 1
234 398 15 
235 397 15 
236 397 15 
237 396 15 
238 395 15 
239 394 15 
239 393 15 
239 392 15 
239 391 15 
240 391 15 
241 390 15 
242 389 15 
242 388 15 
243 387 15 
243 386 15 
242 385 15 
242 384 15 
241 383 15 
240 382 15 
239 382 15 
238 382 15 
237 381 15 
236 382 15 
235 382 15 
234 382 15 
233 383 15 
233 384 15 
233 385 15 
233 386 15 
233 387 15 
232 387 15 
231 388 15 
230 388 15 
229 389 15 
228 390 15 
228 391 15 
228 392 15 
228 393 15 
229 394 15 
230 395 15 
230 396 15 
231 397 15 
232 398 15 
233 398 15 
234 398 15 
V
Segmentation 2
225 410 15 
226 409 15 
227 409 15 
228 409 15 
229 409 15 
230 408 15 
231 407 15 
232 407 15 
233 406 15 
233 405 15 
232 404 15 
231 403 15 
231 402 15 
231 401 15 
231 400 15 
230 399 15 
229 399 15 
228 399 15 
227 399 15 
226 400 15 
225 400 15 
224 400 15 
223 400 15 
222 401 15 
222 402 15 
222 403 15 
221 404 15 
221 405 15 
221 406 15 
221 407 15 
221 408 15 
222 409 15 
223 410 15 
224 410 15 
225 410 15 
V
Segmentation 0
217 173 16 
218 172 16 
219 171 16 
220 170 16 
220 169 16 
220 168 16 
220 167 16 
220 166 16 
220 165 16 
220 164 16 
221 164 16 
222 164 16 
223 164 16 
224 163 16 
225 163 16 
226 162 16 
227 162 16 
228 161 16 
228 160 16 
228 159 16 
228 158 16 
228 157 16 
227 156 16 
226 155 16 
225 154 16 
224 154 16 
223 154 16 
222 154 16 
221 154 16 
220 154 16 
219 154 16 
218 155 16 
217 155 16 
216 156 16 
216 157 16 
216 158 16 
216 159 16 
216 160 16 
216 161 16 
216 162 16 
215 162 16 
214 163 16 
213 163 16 
212 164 16 
211 165 16 
211 166 16 
211 167 16 
211 168 16 
211 169 16 
211 170 16 
212 171 16 
213 172 16 
214 172 16 
215 173 16 
216 173 16 
217 173 16 
V
Segmentation 1
302 193 16 
303 192 16 
304 191 16 
305 190 16 
305 189 16 
305 188 16 
305 187 16 
305 186 16 
305 185 16 
305 184 16 
305 183 16 
305 182 16 
305 181 16 
305 180 16 
304 179 16 
304 178 16 
304 177 16 
304 176 16 
304 175 16 
304 174 16 
304 173 16 
303 172 16 
302 172 16 
301 172 16 
300 171 16 
299 171 16 
298 171 16 
297 171 16 
296 172 16 
295 172 16 
294 173 16 
294 174 16 
294 175 16 
294 176 16 
294 177 16 
294 178 16 
293 179 16 
292 180 16 
291 180 16 
290 180 16 
289 181 16 
289 182 16 
289 183 16 
289 184 16 
289 185 16 
289 186 16 
288 187 16 
288 188 16 
289 189 16 
290 190 16 
291 190 16 
292 190 16 
293 191 16 
294 191 16 
295 192 16 
296 191 16 
296 192 16 
297 193 16 
298 193 16 
299 193 16 
300 193 16 
301 193 16 
302 193 16 
V
Segmentation 2
218 188 16 
219 187 16 
219 186 16 
220 185 16 
221 184 16 
221 183 16 
221 182 16 
222 181 16 
221 180 16 
221 179 16 
220 178 16 
219 177 16 
218 176 16 
217 176 16 
216 177 16 
215 178 16 
214 179 16 
213 180 16 
213 181 16 
212 182 16 
213 183 16 
213 184 16 
213 185 16 
213 186 16 
214 187 16 
215 187 16 
216 188 16 
217 188 16 
218 188 16 
V
Segmentation 3
245 200 16 
246 199 16 
247 198 16 
247 197 16 
246 196 16 
245 195 16 
245 194 16 
246 193 16 
246 192 16 
246 191 16 
245 190 16 
244 190 16 
245 189 16 
246 188 16 
246 187 16 
247 186 16 
247 185 16 
247 184 16 
247 183 16 
247 182 16 
246 181 16 
245 180 16 
244 179 16 
243 179 16 
242 178 16 
241 179 16 
240 179 16 
239 180 16 
238 180 16 
237 180 16 
236 179 16 
235 178 16 
234 178 16 
233 179 16 
232 180 16 
231 180 16 
230 181 16 
229 181 16 
228 182 16 
228 183 16 
228 184 16 
228 185 16 
228 186 16 
228 187 16 
229 188 16 
230 189 16 
231 189 16 
232 190 16 
233 190 16 
234 191 16 
234 192 16 
234 193 16 
235 194 16 
235 195 16 
236 196 16 
237 197 16 
238 198 16 
239 198 16 
240 198 16 
241 199 16 
242 199 16 
243 199 16 
244 199 16 
245 200 16 
V
Segmentation 4
376 333 16 
377 332 16 
378 331 16 
379 330 16 
380 329 16 
381 328 16 
381 327 16 
380 326 16 
379 325 16 
378 325 16 
377 324 16 
377 323 16 
378 322 16 
377 321 16 
376 320 16 
375 320 16 
374 321 16 
373 322 16 
374 323 16 
373 324 16 
372 324 16 
371 324 16 
370 324 16 
369 324 16 
368 324 16 
367 325 16 
367 326 16 
367 327 16 
367 328 16 
368 329 16 
369 330 16 
370 330 16 
371 330 16 
372 331 16 
373 332 16 
374 333 16 
375 333 16 
376 333 16 
V
Segmentation 5
225 381 16 
226 380 16 
227 380 16 
228 380 16 
229 380 16 
230 379 16 
231 379 16 
232 378 16 
232 377 16 
231 376 16 
231 375 16 
230 374 16 
229 374 16 
228 373 16 
228 372 16 
227 371 16 
227 370 16 
226 369 16 
226 368 16 
225 367 16 
224 367 16 
223 366 16 
222 366 16 
221 365 16 
220 365 16 
219 364 16 
218 363 16 
218 362 16 
218 361 16 
218 360 16 
219 359 16 
219 358 16 
219 357 16 
219 356 16 
218 355 16 
217 354 16 
216 353 16 
215 353 16 
214 353 16 
213 354 16 
212 354 16 
211 354 16 
210 354 16 
209 353 16 
208 354 16 
208 355 16 
207 356 16 
207 357 16 
208 358 16 
208 359 16 
209 360 16 
209 361 16 
210 362 16 
210 363 16 
211 364 16 
211 365 16 
212 366 16 
211 367 16 
211 368 16 
211 369 16 
211 370 16 
212 371 16 
212 372 16 
213 373 16 
214 373 16 
215 374 16 
216 374 16 
216 375 16 
216 376 16 
217 377 16 
218 378 16 
219 379 16 
220 380 16 
221 380 16 
222 380 16 
223 381 16 
224 381 16 
225 381 16 
V
Segmentation 6
306 392 16 
307 391 16 
308 390 16 
309 389 16 
310 388 16 
311 387 16 
312 387 16 
313 387 16 
314 386 16 
315 386 16 
316 385 16 
317 384 16 
318 383 16 
319 382 16 
319 381 16 
320 381 16 
321 381 16 
322 380 16 
323 379 16 
324 378 16 
324 377 16 
324 376 16 
325 375 16 
325 374 16 
325 373 16 
325 372 16 
326 371 16 
326 370 16 
327 369 16 
327 368 16 
328 368 16 
329 367 16 
330 366 16 
329 365 16 
329 364 16 
329 363 16 
329 362 16 
328 361 16 
327 360 16 
326 360 16 
325 360 16 
324 360 16 
323 360 16 
322 360 16 
321 360 16 
320 360 16 
319 361 16 
320 362 16 
321 363 16 
320 363 16 
319 363 16 
318 363 16 
317 363 16 
316 362 16 
315 362 16 
314 362 16 
313 362 16 
312 363 16 
311 363 16 
310 364 16 
310 365 16 
310 366 16 
310 367 16 
310 368 16 
310 369 16 
310 370 16 
310 371 16 
310 372 16 
310 373 16 
310 374 16 
309 374 16 
308 373 16 
307 373 16 
306 372 16 
305 371 16 
304 370 16 
303 370 16 
302 369 16 
301 368 16 
300 369 16 
299 370 16 
298 370 16 
297 371 16 
297 372 16 
297 373 16 
297 374 16 
297 375 16 
297 376 16 
297 377 16 
298 378 16 
299 379 16 
300 379 16 
301 380 16 
302 380 16 
303 381 16 
303 382 16 
303 383 16 
302 384 16 
301 385 16 
301 386 16 
301 387 16 
301 388 16 
302 389 16 
303 390 16 
304 390 16 
305 391 16 
306 392 16 
V
Segmentation 7
333 380 16 
334 379 16 
335 378 16 
336 378 16 
337 378 16 
338 377 16 
339 376 16 
339 375 16 
340 374 16 
340 373 16 
341 372 16 
341 371 16 
340 370 16 
339 369 16 
338 369 16 
337 369 16 
336 369 16 
335 369 16 
334 370 16 
333 371 16 
333 372 16 
333 373 16 
333 374 16 
332 375 16 
332 376 16 
331 377 16 
332 378 16 
332 379 16 
333 380 16 
V
Segmentation 8
317 405 16 
318 404 16 
319 404 16 
320 404 16 
321 404 16 
322 404 16 
323 403 16 
323 402 16 
323 401 16 
322 400 16 
322 399 16 
323 398 16 
322 397 16 
321 396 16 
320 396 16 
319 395 16 
318 395 16 
317 395 16 
316 394 16 
315 395 16 
314 395 16 
313 396 16 
312 397 16 
311 398 16 
310 399 16 
311 400 16 
311 401 16 
311 402 16 
310 403 16 
310 404 16 
311 405 16 
312 405 16 
313 405 16 
314 405 16 
315 405 16 
316 405 16 
317 405 16 
V
Segmentation 0
237 199 17 
238 198 17 
239 198 17 
240 198 17 
241 197 17 
241 196 17 
241 195 17 
240 194 17 
240 193 17 
239 192 17 
239 191 17 
239 190 17 
239 189 17 
239 188 17 
240 187 17 
241 187 17 
242 188 17 
243 188 17 
244 189 17 
245 188 17 
245 187 17 
245 186 17 
246 185 17 
246 184 17 
247 183 17 
247 182 17 
246 181 17 
245 180 17 
244 179 17 
243 178 17 
243 177 17 
243 176 17 
243 175 17 
244 174 17 
244 173 17 
244 172 17 
243 171 17 
242 171 17 
241 170 17 
240 170 17 
239 170 17 
238 169 17 
237 169 17 
236 169 17 
235 170 17 
235 171 17 
234 172 17 
233 173 17 
232 172 17 
231 172 17 
230 172 17 
229 172 17 
228 171 17 
227 171 17 
226 171 17 
225 172 17 
224 172 17 
223 172 17 
222 172 17 
221 172 17 
220 171 17 
219 171 17 
218 171 17 
218 170 17 
218 169 17 
218 168 17 
218 167 17 
218 166 17 
219 165 17 
219 164 17 
219 163 17 
219 162 17 
220 162 17 
221 162 17 
222 161 17 
222 160 17 
223 159 17 
224 158 17 
225 157 17 
226 156 17 
227 155 17 
228 154 17 
228 153 17 
228 152 17 
229 151 17 
229 150 17 
229 149 17 
229 148 17 
228 147 17 
227 146 17 
226 145 17 
225 145 17 
224 144 17 
224 143 17 
225 142 17 
225 141 17 
225 140 17 
225 139 17 
224 138 17 
223 138 17 
222 137 17 
221 136 17 
220 136 17 
219 135 17 
218 135 17 
217 136 17 
216 137 17 
216 138 17 
216 139 17 
216 140 17 
216 141 17 
216 142 17 
216 143 17 
217 144 17 
218 145 17 
219 145 17 
219 146 17 
219 147 17 
219 148 17 
219 149 17 
219 150 17 
219 151 17 
219 152 17 
219 153 17 
218 153 17 
217 154 17 
216 154 17 
215 154 17 
214 154 17 
213 154 17 
212 153 17 
211 153 17 
210 154 17 
209 154 17 
208 155 17 
207 155 17 
206 155 17 
205 156 17 
205 157 17 
205 158 17 
205 159 17 
205 160 17 
206 161 17 
206 162 17 
205 163 17 
204 163 17 
203 164 17 
202 165 17 
202 166 17 
202 167 17 
202 168 17 
202 169 17 
202 170 17 
203 171 17 
204 171 17 
205 172 17 
206 172 17 
207 173 17 
208 173 17 
208 174 17 
207 175 17 
207 176 17 
206 177 17 
205 178 17 
204 178 17 
203 178 17 
202 179 17 
201 180 17 
202 181 17 
203 182 17 
204 183 17 
205 184 17 
206 184 17 
207 185 17 
208 185 17 
209 185 17 
210 185 17 
211 185 17 
212 184 17 
212 183 17 
213 182 17 
214 181 17 
215 181 17 
216 181 17 
217 181 17 
218 182 17 
219 182 17 
220 182 17 
221 182 17 
222 182 17 
223 181 17 
224 181 17 
225 181 17 
226 181 17 
227 182 17 
228 183 17 
228 184 17 
228 185 17 
228 186 17 
229 187 17 
229 188 17 
230 189 17 
230 190 17 
230 191 17 
230 192 17 
230 193 17 
231 194 17 
231 195 17 
231 196 17 
231 197 17 
232 198 17 
233 199 17 
234 199 17 
235 199 17 
236 199 17 
237 199 17 
V
Segmentation 1
319 155 17 
320 154 17 
321 154 17 
322 153 17 
323 153 17 
324 152 17 
325 151 17 
326 150 17 
326 149 17 
325 148 17 
324 147 17 
323 146 17 
322 146 17 
321 145 17 
320 145 17 
319 145 17 
318 146 17 
317 147 17 
316 148 17 
316 149 17 
316 150 17 
316 151 17 
316 152 17 
316 153 17 
317 154 17 
318 155 17 
319 155 17 
V
Segmentation 2
345 166 17 
346 165 17 
347 164 17 
347 163 17 
347 162 17 
346 161 17 
346 160 17 
346 159 17 
345 158 17 
344 157 17 
343 157 17 
342 157 17 
341 157 17 
340 157 17 
339 157 17 
338 158 17 
338 159 17 
338 160 17 
338 161 17 
338 162 17 
337 163 17 
337 164 17 
338 165 17 
339 165 17 
340 165 17 
341 166 17 
342 166 17 
343 166 17 
344 166 17 
345 166 17 
V
Segmentation 3
319 174 17 
320 173 17 
321 173 17 
322 172 17 
323 172 17 
324 172 17 
325 172 17 
326 172 17 
327 173 17 
328 172 17 
329 171 17 
330 170 17 
331 169 17 
331 168 17 
331 167 17 
331 166 17 
331 165 17 
330 164 17 
329 163 17 
328 162 17 
327 161 17 
326 161 17 
325 162 17 
324 162 17 
323 162 17 
322 162 17 
321 162 17 
320 162 17 
319 162 17 
318 163 17 
317 163 17 
316 163 17 
315 164 17 
314 164 17 
313 165 17 
313 166 17 
313 167 17 
313 168 17 
313 169 17 
313 170 17 
313 171 17 
314 172 17 
315 173 17 
316 174 17 
317 174 17 
318 174 17 
319 174 17 
V
Segmentation 4
304 193 17 
305 192 17 
306 191 17 
307 191 17 
308 190 17 
308 189 17 
308 188 17 
309 187 17 
309 186 17 
308 185 17 
308 184 17 
308 183 17 
309 182 17 
309 181 17 
309 180 17 
309 179 17 
309 178 17 
308 177 17 
308 176 17 
307 175 17 
306 174 17 
305 174 17 
304 173 17 
303 173 17 
302 173 17 
301 172 17 
300 171 17 
299 171 17 
298 170 17 
297 170 17 
296 170 17 
295 170 17 
294 171 17 
293 172 17 
292 173 17 
292 174 17 
292 175 17 
292 176 17 
293 177 17 
293 178 17 
292 179 17 
291 179 17 
290 180 17 
289 181 17 
288 182 17 
288 183 17 
289 184 17 
289 185 17 
289 186 17 
290 187 17 
290 188 17 
291 189 17 
292 189 17 
293 189 17 
294 188 17 
295 187 17 
296 186 17 
297 185 17 
298 184 17 
299 183 17 
300 183 17 
301 184 17 
301 185 17 
301 186 17 
301 187 17 
301 188 17 
300 189 17 
300 190 17 
300 191 17 
299 192 17 
300 193 17 
301 193 17 
302 193 17 
303 193 17 
304 193 17 
V
Segmentation 5
345 329 17 
346 328 17 
347 328 17 
348 328 17 
349 328 17 
350 328 17 
351 327 17 
352 326 17 
353 325 17 
353 324 17 
354 323 17 
355 322 17 
355 321 17 
356 320 17 
357 319 17 
357 318 17 
358 317 17 
358 316 17 
358 315 17 
357 314 17 
357 313 17 
357 312 17 
357 311 17 
358 310 17 
359 310 17 
360 310 17 
361 310 17 
362 310 17 
363 310 17 
364 309 17 
364 308 17 
364 307 17 
364 306 17 
364 305 17 
364 304 17 
364 303 17 
363 302 17 
363 301 17 
363 300 17 
363 299 17 
363 298 17 
363 297 17 
363 296 17 
363 295 17 
362 294 17 
361 293 17 
360 293 17 
359 292 17 
358 292 17 
357 292 17 
356 293 17 
355 293 17 
354 294 17 
353 294 17 
352 294 17 
351 293 17 
350 293 17 
349 292 17 
348 293 17 
347 293 17 
346 294 17 
345 295 17 
345 296 17 
345 297 17 
345 298 17 
345 299 17 
345 300 17 
344 301 17 
343 301 17 
342 302 17 
341 302 17 
340 302 17 
339 301 17 
338 301 17 
337 300 17 
336 300 17 
335 301 17 
334 301 17 
333 302 17 
332 302 17 
331 301 17 
330 301 17 
329 300 17 
328 299 17 
327 300 17 
326 300 17 
325 300 17 
324 301 17 
323 301 17 
322 302 17 
322 303 17 
322 304 17 
322 305 17 
323 306 17 
323 307 17 
323 308 17 
323 309 17 
322 310 17 
321 310 17 
320 311 17 
319 311 17 
318 312 17 
318 313 17 
318 314 17 
318 315 17 
318 316 17 
318 317 17 
318 318 17 
319 319 17 
320 320 17 
321 321 17 
322 321 17 
323 322 17 
324 321 17 
325 320 17 
326 320 17 
327 319 17 
328 319 17 
329 319 17 
330 320 17 
331 320 17 
332 320 17 
333 320 17 
334 320 17 
335 320 17 
336 319 17 
336 318 17 
337 317 17 
337 316 17 
337 315 17 
337 314 17 
337 313 17 
337 312 17 
338 312 17 
339 311 17 
340 310 17 
341 310 17 
342 311 17 
343 311 17 
344 312 17 
345 312 17 
346 312 17 
347 312 17 
347 313 17 
347 314 17 
347 315 17 
347 316 17 
347 317 17 
346 318 17 
345 318 17 
344 319 17 
343 320 17 
342 320 17 
341 321 17 
341 322 17 
341 323 17 
341 324 17 
342 325 17 
342 326 17 
342 327 17 
342 328 17 
343 329 17 
344 329 17 
345 329 17 
V
Segmentation 6
192 342 17 
193 341 17 
194 340 17 
195 339 17 
196 338 17 
196 337 17 
196 336 17 
196 335 17 
196 334 17 
196 333 17 
196 332 17 
196 331 17 
195 330 17 
194 330 17 
193 330 17 
192 330 17 
191 330 17 
190 330 17 
189 331 17 
188 331 17 
187 332 17 
187 333 17 
188 334 17 
188 335 17 
188 336 17 
188 337 17 
188 338 17 
188 339 17 
189 340 17 
190 341 17 
191 342 17 
192 342 17 
V
Segmentation 7
235 374 17 
236 373 17 
236 372 17 
236 371 17 
237 370 17 
236 369 17 
235 368 17 
234 367 17 
234 366 17 
233 365 17 
232 365 17 
231 364 17 
230 364 17 
229 363 17 
228 362 17 
227 361 17 
226 360 17 
225 360 17 
224 360 17 
223 359 17 
222 360 17 
221 360 17 
220 361 17 
219 362 17 
218 363 17 
217 364 17 
217 365 17 
218 366 17 
219 367 17 
219 368 17 
219 369 17 
219 370 17 
219 371 17 
220 372 17 
221 372 17 
222 372 17 
223 371 17 
224 371 17 
225 371 17 
226 372 17 
227 372 17 
228 372 17 
229 373 17 
230 373 17 
231 373 17 
232 374 17 
233 374 17 
234 374 17 
235 374 17 
V
Segmentation 8
307 381 17 
308 380 17 
308 379 17 
308 378 17 
308 377 17 
308 376 17 
308 375 17 
308 374 17 
308 373 17 
309 372 17 
310 372 17 
311 372 17 
312 371 17 
313 371 17 
314 371 17 
315 371 17 
316 371 17 
317 371 17 
318 370 17 
317 369 17 
317 368 17 
317 367 17 
318 366 17 
319 366 17 
320 365 17 
319 364 17 
318 363 17 
318 362 17 
317 361 17 
316 360 17 
315 361 17 
314 361 17 
313 361 17 
312 362 17 
311 363 17 
310 363 17 
309 362 17 
308 361 17 
307 361 17 
306 361 17 
305 361 17 
304 362 17 
303 362 17 
302 363 17 
302 364 17 
302 365 17 
302 366 17 
302 367 17 
301 368 17 
301 369 17 
300 370 17 
299 370 17 
298 371 17 
297 372 17 
297 373 17 
298 374 17 
299 375 17 
299 376 17 
300 377 17 
300 378 17 
301 379 17 
302 379 17 
303 380 17 
304 380 17 
305 381 17 
306 381 17 
307 381 17 
V
Segmentation 0
310 152 18 
311 151 18 
312 150 18 
312 149 18 
313 148 18 
313 147 18 
313 146 18 
313 145 18 
312 144 18 
311 144 18 
311 143 18 
311 142 18 
310 141 18 
309 140 18 
308 140 18 
307 140 18 
306 141 18 
305 142 18 
304 143 18 
303 143 18 
302 144 18 
302 145 18 
302 146 18 
303 147 18 
304 148 18 
305 149 18 
306 150 18 
307 150 18 
308 151 18 
309 152 18 
310 152 18 
V
Segmentation 1
326 167 18 
327 166 18 
327 165 18 
327 164 18 
327 163 18 
328 162 18 
328 161 18 
328 160 18 
328 159 18 
328 158 18 
328 157 18 
327 156 18 
326 156 18 
325 156 18 
324 155 18 
324 154 18 
323 153 18 
322 152 18 
321 152 18 
320 152 18 
319 153 18 
318 154 18 
317 155 18 
316 156 18 
316 157 18 
316 158 18 
317 159 18 
317 160 18 
318 161 18 
319 161 18 
320 162 18 
321 163 18 
321 164 18 
321 165 18 
322 166 18 
323 167 18 
324 167 18 
325 167 18 
326 167 18 
V
Segmentation 2
231 200 18 
232 199 18 
233 199 18 
234 199 18 
235 199 18 
236 199 18 
237 198 18 
237 197 18 
238 196 18 
237 195 18 
236 194 18 
236 193 18 
235 192 18 
235 191 18 
235 190 18 
235 189 18 
235 188 18 
236 187 18 
236 186 18 
237 185 18 
238 185 18 
239 185 18 
240 185 18 
241 185 18 
242 185 18 
243 186 18 
244 186 18 
245 187 18 
246 187 18 
247 188 18 
248 189 18 
249 189 18 
250 190 18 
251 190 18 
252 189 18 
252 188 18 
253 187 18 
253 186 18 
253 185 18 
254 184 18 
254 183 18 
253 182 18 
252 181 18 
251 180 18 
250 179 18 
249 179 18 
248 179 18 
247 180 18 
246 180 18 
245 180 18 
244 181 18 
243 180 18 
243 179 18 
243 178 18 
242 177 18 
242 176 18 
241 175 18 
240 174 18 
239 174 18 
238 173 18 
237 173 18 
236 173 18 
235 173 18 
234 172 18 
233 172 18 
232 171 18 
231 171 18 
230 170 18 
229 170 18 
229 169 18 
229 168 18 
229 167 18 
229 166 18 
228 165 18 
227 164 18 
226 163 18 
225 163 18 
224 163 18 
223 163 18 
222 164 18 
221 164 18 
220 164 18 
219 165 18 
218 165 18 
217 165 18 
217 164 18 
217 163 18 
217 162 18 
217 161 18 
217 160 18 
217 159 18 
217 158 18 
217 157 18 
216 156 18 
215 155 18 
214 155 18 
213 155 18 
212 154 18 
211 154 18 
210 155 18 
209 155 18 
208 156 18 
207 157 18 
207 158 18 
207 159 18 
207 160 18 
207 161 18 
207 162 18 
206 162 18 
205 162 18 
204 163 18 
203 163 18 
202 164 18 
201 165 18 
201 166 18 
201 167 18 
202 168 18 
202 169 18 
202 170 18 
202 171 18 
202 172 18 
201 172 18 
200 173 18 
199 174 18 
198 175 18 
198 176 18 
198 177 18 
198 178 18 
198 179 18 
198 180 18 
199 181 18 
200 182 18 
201 182 18 
202 183 18 
203 182 18 
204 182 18 
205 181 18 
206 181 18 
207 181 18 
208 180 18 
209 180 18 
210 180 18 
211 181 18 
212 181 18 
213 181 18 
214 181 18 
215 181 18 
216 181 18 
217 181 18 
218 182 18 
218 183 18 
219 184 18 
219 185 18 
219 186 18 
218 187 18 
218 188 18 
218 189 18 
219 190 18 
220 191 18 
221 191 18 
222 191 18 
223 192 18 
224 192 18 
225 193 18 
225 194 18 
225 195 18 
225 196 18 
225 197 18 
226 198 18 
227 198 18 
228 199 18 
229 200 18 
230 200 18 
231 200 18 
V
Segmentation 3
307 199 18 
308 198 18 
309 198 18 
310 198 18 
311 197 18 
311 196 18 
311 195 18 
311 194 18 
311 193 18 
312 192 18 
311 191 18 
311 190 18 
311 189 18 
311 188 18 
311 187 18 
311 186 18 
311 185 18 
311 184 18 
312 183 18 
312 182 18 
313 181 18 
312 180 18 
312 179 18 
312 178 18 
312 177 18 
312 176 18 
311 175 18 
311 174 18 
312 173 18 
313 172 18 
314 172 18 
315 171 18 
315 170 18 
315 169 18 
315 168 18 
315 167 18 
315 166 18 
315 165 18 
314 164 18 
313 163 18 
312 163 18 
311 162 18 
310 162 18 
309 162 18 
308 162 18 
307 163 18 
306 164 18 
306 165 18 
306 166 18 
306 167 18 
306 168 18 
306 169 18 
306 170 18 
306 171 18 
306 172 18 
306 173 18 
305 173 18 
304 172 18 
303 172 18 
302 172 18 
301 171 18 
300 171 18 
299 171 18 
298 170 18 
297 171 18 
296 172 18 
295 173 18 
294 174 18 
294 175 18 
294 176 18 
295 177 18 
295 178 18 
295 179 18 
295 180 18 
296 181 18 
297 181 18 
298 180 18 
299 180 18 
300 180 18 
301 180 18 
302 181 18 
303 182 18 
303 183 18 
304 184 18 
304 185 18 
304 186 18 
304 187 18 
303 188 18 
303 189 18 
303 190 18 
302 191 18 
301 191 18 
300 192 18 
301 193 18 
302 194 18 
302 195 18 
303 196 18 
303 197 18 
304 198 18 
305 199 18 
306 199 18 
307 199 18 
V
Segmentation 4
349 329 18 
350 328 18 
350 327 18 
350 326 18 
350 325 18 
351 324 18 
351 323 18 
352 322 18 
353 321 18 
354 321 18 
355 321 18 
356 321 18 
357 321 18 
358 320 18 
359 319 18 
360 319 18 
361 318 18 
361 317 18 
361 316 18 
361 315 18 
360 314 18 
360 313 18 
360 312 18 
361 311 18 
360 310 18 
359 310 18 
359 309 18 
359 308 18 
359 307 18 
359 306 18 
359 305 18 
359 304 18 
358 303 18 
357 303 18 
356 302 18 
355 302 18 
354 302 18 
353 301 18 
352 301 18 
351 302 18 
350 303 18 
349 303 18 
348 303 18 
347 303 18 
346 302 18 
345 302 18 
344 302 18 
343 303 18 
342 303 18 
341 304 18 
341 305 18 
341 306 18 
341 307 18 
340 308 18 
340 309 18 
340 310 18 
339 310 18 
338 311 18 
337 311 18 
336 312 18 
335 313 18 
335 314 18 
335 315 18 
335 316 18 
336 317 18 
336 318 18 
336 319 18 
337 320 18 
338 320 18 
339 320 18 
340 321 18 
341 321 18 
341 322 18 
341 323 18 
341 324 18 
341 325 18 
341 326 18 
342 327 18 
343 328 18 
344 328 18 
345 328 18 
346 328 18 
347 328 18 
348 329 18 
349 329 18 
V
Segmentation 5
206 345 18 
207 344 18 
208 344 18 
209 344 18 
210 343 18 
209 342 18 
209 341 18 
209 340 18 
208 339 18 
208 338 18 
208 337 18 
207 336 18 
206 335 18 
206 334 18 
206 333 18 
206 332 18 
206 331 18 
206 330 18 
206 329 18 
206 328 18 
206 327 18 
205 326 18 
204 325 18 
203 324 18 
202 324 18 
202 323 18 
202 322 18 
201 321 18 
200 320 18 
199 320 18 
198 319 18 
197 318 18 
196 318 18 
195 318 18 
194 318 18 
193 319 18 
192 319 18 
191 318 18 
190 318 18 
189 318 18 
188 319 18 
187 319 18 
186 320 18 
185 321 18 
185 322 18 
185 323 18 
185 324 18 
185 325 18 
185 326 18 
185 327 18 
186 328 18 
187 329 18 
188 329 18 
189 330 18 
190 330 18 
191 330 18 
191 331 18 
190 332 18 
190 333 18 
190 334 18 
190 335 18 
191 336 18 
191 337 18 
191 338 18 
192 339 18 
193 339 18 
194 339 18 
195 339 18 
196 340 18 
197 340 18 
198 340 18 
199 340 18 
200 340 18 
201 339 18 
201 340 18 
202 341 18 
203 342 18 
204 343 18 
204 344 18 
205 345 18 
206 345 18 
V
Segmentation 0
308 202 19 
309 201 19 
310 201 19 
311 200 19 
312 199 19 
313 198 19 
313 197 19 
313 196 19 
313 195 19 
313 194 19 
314 193 19 
314 192 19 
313 191 19 
313 190 19 
313 189 19 
313 188 19 
313 187 19 
313 186 19 
312 185 19 
312 184 19 
312 183 19 
313 182 19 
314 182 19 
315 182 19 
316 182 19 
317 181 19 
318 181 19 
319 180 19 
319 179 19 
320 178 19 
320 177 19 
320 176 19 
321 175 19 
321 174 19 
322 174 19 
323 175 19 
324 175 19 
325 175 19 
326 175 19 
327 175 19 
328 174 19 
329 174 19 
330 173 19 
331 173 19 
332 172 19 
332 171 19 
332 170 19 
332 169 19 
332 168 19 
331 167 19 
331 166 19 
331 165 19 
330 164 19 
329 163 19 
329 162 19 
329 161 19 
329 160 19 
329 159 19 
329 158 19 
329 157 19 
329 156 19 
328 155 19 
327 155 19 
326 154 19 
325 154 19 
324 154 19 
323 154 19 
322 154 19 
321 155 19 
320 155 19 
319 156 19 
319 157 19 
319 158 19 
319 159 19 
319 160 19 
319 161 19 
319 162 19 
318 162 19 
317 162 19 
316 163 19 
315 163 19 
314 164 19 
313 165 19 
313 166 19 
313 167 19 
314 168 19 
314 169 19 
314 170 19 
314 171 19 
313 171 19 
312 172 19 
311 173 19 
310 173 19 
309 174 19 
308 173 19 
307 173 19 
306 173 19 
305 173 19 
304 173 19 
303 173 19 
302 173 19 
301 172 19 
300 172 19 
299 171 19 
298 171 19 
297 171 19 
296 172 19 
295 172 19 
294 173 19 
293 174 19 
293 175 19 
293 176 19 
293 177 19 
293 178 19 
293 179 19 
294 180 19 
295 181 19 
296 182 19 
297 183 19 
298 183 19 
299 183 19 
300 183 19 
301 183 19 
302 184 19 
303 184 19 
303 185 19 
304 186 19 
304 187 19 
304 188 19 
304 189 19 
304 190 19 
304 191 19 
303 192 19 
303 193 19 
303 194 19 
302 195 19 
302 196 19 
302 197 19 
303 198 19 
303 199 19 
304 200 19 
305 201 19 
306 201 19 
307 201 19 
308 202 19 
V
Segmentation 1
233 208 19 
234 207 19 
235 207 19 
236 207 19 
237 206 19 
238 206 19 
239 206 19 
240 205 19 
241 204 19 
240 203 19 
239 203 19 
238 202 19 
237 201 19 
236 200 19 
236 199 19 
235 198 19 
235 197 19 
234 196 19 
234 195 19 
235 194 19 
235 193 19 
235 192 19 
235 191 19 
236 190 19 
237 189 19 
238 189 19 
239 189 19 
240 188 19 
241 188 19 
242 188 19 
243 188 19 
244 189 19 
245 188 19 
245 187 19 
246 186 19 
246 185 19 
246 184 19 
247 183 19 
246 182 19 
245 181 19 
244 180 19 
243 179 19 
242 178 19 
241 178 19 
240 179 19 
239 179 19 
238 180 19 
237 180 19 
236 180 19 
235 180 19 
235 179 19 
234 178 19 
234 177 19 
234 176 19 
234 175 19 
233 174 19 
233 173 19 
232 172 19 
231 172 19 
230 172 19 
229 172 19 
228 172 19 
227 173 19 
226 173 19 
225 174 19 
224 173 19 
223 173 19 
222 172 19 
221 172 19 
220 171 19 
220 170 19 
221 169 19 
221 168 19 
221 167 19 
221 166 19 
221 165 19 
220 164 19 
219 163 19 
219 162 19 
218 161 19 
217 161 19 
216 161 19 
215 161 19 
214 162 19 
213 162 19 
212 163 19 
211 164 19 
210 163 19 
209 163 19 
208 162 19 
207 162 19 
206 162 19 
205 163 19 
204 163 19 
203 163 19 
202 164 19 
202 165 19 
202 166 19 
202 167 19 
202 168 19 
202 169 19 
202 170 19 
202 171 19 
201 171 19 
200 172 19 
199 172 19 
198 173 19 
198 174 19 
198 175 19 
198 176 19 
198 177 19 
198 178 19 
198 179 19 
198 180 19 
199 181 19 
200 181 19 
201 182 19 
201 183 19 
202 184 19 
202 185 19 
203 186 19 
204 187 19 
205 188 19 
206 188 19 
207 189 19 
208 189 19 
209 190 19 
210 190 19 
211 191 19 
212 191 19 
213 191 19 
214 191 19 
215 190 19 
216 190 19 
217 189 19 
218 188 19 
218 187 19 
218 186 19 
218 185 19 
218 184 19 
218 183 19 
219 183 19 
220 182 19 
221 182 19 
222 182 19 
223 182 19 
224 182 19 
225 182 19 
226 182 19 
227 183 19 
227 184 19 
226 185 19 
226 186 19 
226 187 19 
226 188 19 
226 189 19 
225 190 19 
224 191 19 
224 192 19 
224 193 19 
224 194 19 
224 195 19 
224 196 19 
224 197 19 
225 198 19 
226 199 19 
227 199 19 
227 200 19 
228 201 19 
228 202 19 
228 203 19 
228 204 19 
228 205 19 
228 206 19 
229 207 19 
230 207 19 
231 208 19 
232 208 19 
233 208 19 
V
Segmentation 2
180 226 19 
181 225 19 
182 225 19 
183 224 19 
183 223 19 
184 223 19 
185 222 19 
186 221 19 
186 220 19 
186 219 19 
186 218 19 
185 217 19 
184 216 19 
183 216 19 
182 215 19 
181 215 19 
180 216 19 
179 216 19 
178 216 19 
177 217 19 
176 218 19 
175 219 19 
176 220 19 
176 221 19 
176 222 19 
176 223 19 
176 224 19 
176 225 19 
177 226 19 
178 226 19 
179 226 19 
180 226 19 
V
Segmentation 3
167 255 19 
168 254 19 
169 254 19 
170 253 19 
171 253 19 
172 252 19 
173 251 19 
173 250 19 
173 249 19 
172 248 19 
171 247 19 
170 247 19 
169 246 19 
168 245 19 
167 245 19 
166 245 19 
165 246 19 
164 247 19 
163 247 19 
162 248 19 
161 249 19 
161 250 19 
161 251 19 
162 252 19 
163 252 19 
164 252 19 
165 253 19 
165 254 19 
166 255 19 
167 255 19 
V
Segmentation 4
326 339 19 
327 338 19 
328 337 19 
329 336 19 
329 335 19 
329 334 19 
329 333 19 
330 333 19 
331 332 19 
332 331 19 
332 330 19 
333 329 19 
334 328 19 
335 329 19 
336 329 19 
336 330 19 
337 331 19 
338 331 19 
339 331 19 
340 331 19 
341 330 19 
341 329 19 
342 328 19 
343 327 19 
344 326 19 
345 325 19 
346 324 19 
346 323 19 
347 322 19 
348 322 19 
349 321 19 
350 320 19 
351 319 19 
352 318 19 
353 318 19 
354 318 19 
355 317 19 
355 316 19 
355 315 19 
356 314 19 
357 313 19 
357 312 19 
357 311 19 
357 310 19 
357 309 19 
357 308 19 
357 307 19 
357 306 19 
356 305 19 
355 306 19 
354 306 19 
353 306 19 
352 306 19 
351 305 19 
350 304 19 
349 303 19 
348 302 19 
347 301 19 
346 302 19 
345 302 19 
344 303 19 
343 303 19 
342 303 19 
341 302 19 
340 302 19 
339 302 19 
338 301 19 
337 302 19 
336 302 19 
335 302 19 
334 303 19 
333 303 19 
332 303 19 
331 302 19 
330 301 19 
329 300 19 
328 300 19 
327 301 19 
326 301 19 
325 302 19 
324 302 19 
323 302 19 
322 303 19 
321 304 19 
321 305 19 
321 306 19 
320 307 19 
320 308 19 
320 309 19 
321 310 19 
322 311 19 
323 311 19 
324 312 19 
325 312 19 
326 313 19 
326 314 19 
326 315 19 
326 316 19 
326 317 19 
326 318 19 
326 319 19 
326 320 19 
325 320 19 
324 321 19 
323 321 19 
322 322 19 
322 323 19 
323 324 19 
324 325 19 
324 326 19 
323 327 19 
322 328 19 
321 328 19 
320 329 19 
319 330 19 
318 331 19 
318 332 19 
318 333 19 
318 334 19 
319 335 19 
319 336 19 
320 337 19 
321 338 19 
322 338 19 
323 339 19 
324 339 19 
325 339 19 
326 339 19 
V
Segmentation 5
206 344 19 
207 343 19 
208 342 19 
208 341 19 
207 340 19 
207 339 19 
207 338 19 
208 337 19 
209 336 19 
209 335 19 
209 334 19 
209 333 19 
209 332 19 
209 331 19 
209 330 19 
209 329 19 
209 328 19 
208 327 19 
207 327 19 
206 327 19 
205 326 19 
204 326 19 
203 325 19 
203 324 19 
202 323 19 
201 322 19 
200 321 19 
199 321 19 
198 320 19 
197 320 19 
196 320 19 
195 319 19 
194 318 19 
193 318 19 
192 317 19 
191 317 19 
190 316 19 
189 316 19 
188 317 19 
187 318 19 
186 319 19 
185 320 19 
184 321 19 
185 322 19 
185 323 19 
185 324 19 
186 325 19 
186 326 19 
186 327 19 
186 328 19 
186 329 19 
187 330 19 
188 331 19 
189 332 19 
190 333 19 
191 334 19 
191 335 19 
192 336 19 
193 337 19 
194 338 19 
195 338 19 
196 339 19 
197 340 19 
197 341 19 
198 342 19 
199 342 19 
200 343 19 
201 343 19 
202 343 19 
203 343 19 
204 344 19 
205 344 19 
206 344 19 
V
Segmentation 0
311 139 20 
312 138 20 
313 137 20 
313 136 20 
314 136 20 
315 135 20 
315 134 20 
314 133 20 
315 132 20 
315 131 20 
314 130 20 
313 129 20 
312 129 20 
311 128 20 
310 128 20 
309 129 20 
308 130 20 
307 130 20 
306 130 20 
305 131 20 
305 132 20 
304 133 20 
304 134 20 
304 135 20 
304 136 20 
305 137 20 
306 138 20 
307 138 20 
308 138 20 
309 138 20 
310 139 20 
311 139 20 
V
Segmentation 1
317 163 20 
318 162 20 
318 161 20 
318 160 20 
318 159 20 
318 158 20 
319 157 20 
320 156 20 
321 155 20 
321 154 20 
321 153 20 
320 152 20 
319 151 20 
318 150 20 
317 150 20 
316 150 20 
315 150 20 
314 150 20 
313 150 20 
312 150 20 
311 151 20 
311 152 20 
311 153 20 
311 154 20 
310 155 20 
311 156 20 
311 157 20 
311 158 20 
312 159 20 
312 160 20 
313 161 20 
314 161 20 
315 161 20 
316 162 20 
317 163 20 
V
Segmentation 2
329 173 20 
330 172 20 
331 172 20 
332 171 20 
332 170 20 
333 169 20 
334 168 20 
335 167 20 
335 166 20 
335 165 20 
335 164 20 
334 163 20 
333 163 20 
332 163 20 
331 163 20 
330 163 20 
329 163 20 
328 163 20 
327 163 20 
326 164 20 
326 165 20 
326 166 20 
326 167 20 
326 168 20 
325 169 20 
325 170 20 
325 171 20 
326 172 20 
327 172 20 
328 172 20 
329 173 20 
V
Segmentation 3
212 201 20 
213 200 20 
214 199 20 
215 198 20 
215 197 20 
215 196 20 
215 195 20 
215 194 20 
215 193 20 
215 192 20 
216 191 20 
216 190 20 
217 189 20 
217 188 20 
217 187 20 
217 186 20 
217 185 20 
217 184 20 
217 183 20 
217 182 20 
217 181 20 
216 180 20 
215 179 20 
215 178 20 
215 177 20 
215 176 20 
215 175 20 
215 174 20 
214 173 20 
213 173 20 
212 172 20 
211 172 20 
210 172 20 
209 172 20 
208 173 20 
207 173 20 
206 173 20 
205 174 20 
205 175 20 
205 176 20 
206 177 20 
206 178 20 
206 179 20 
206 180 20 
206 181 20 
205 181 20 
204 181 20 
203 182 20 
202 183 20 
201 184 20 
201 185 20 
201 186 20 
201 187 20 
201 188 20 
201 189 20 
202 190 20 
203 191 20 
204 191 20 
205 192 20 
206 192 20 
207 192 20 
207 193 20 
207 194 20 
207 195 20 
207 196 20 
206 197 20 
206 198 20 
207 199 20 
208 199 20 
209 200 20 
210 201 20 
211 201 20 
212 201 20 
V
Segmentation 4
311 217 20 
312 216 20 
313 215 20 
312 214 20 
312 213 20 
312 212 20 
312 211 20 
312 210 20 
313 209 20 
313 208 20 
313 207 20 
313 206 20 
313 205 20 
313 204 20 
313 203 20 
313 202 20 
313 201 20 
313 200 20 
313 199 20 
312 198 20 
312 197 20 
312 196 20 
312 195 20 
312 194 20 
312 193 20 
312 192 20 
312 191 20 
312 190 20 
312 189 20 
313 189 20 
314 188 20 
314 187 20 
315 186 20 
315 185 20 
315 184 20 
315 183 20 
316 182 20 
316 181 20 
315 180 20 
314 180 20 
313 179 20 
312 178 20 
311 178 20 
310 179 20 
309 179 20 
308 180 20 
307 180 20 
306 181 20 
305 180 20 
304 180 20 
303 181 20 
302 181 20 
301 182 20 
300 182 20 
299 183 20 
299 184 20 
298 185 20 
298 186 20 
298 187 20 
298 188 20 
299 189 20 
300 190 20 
301 191 20 
301 192 20 
301 193 20 
301 194 20 
302 195 20 
302 196 20 
302 197 20 
302 198 20 
303 199 20 
303 200 20 
303 201 20 
303 202 20 
303 203 20 
303 204 20 
303 205 20 
303 206 20 
302 207 20 
302 208 20 
302 209 20 
302 210 20 
302 211 20 
302 212 20 
303 213 20 
303 214 20 
304 215 20 
305 216 20 
306 217 20 
307 217 20 
308 217 20 
309 217 20 
310 217 20 
311 217 20 
V
Segmentation 5
237 219 20 
238 218 20 
239 217 20 
240 217 20 
241 216 20 
241 215 20 
241 214 20 
240 213 20 
240 212 20 
239 211 20 
239 210 20 
238 209 20 
238 208 20 
237 207 20 
237 206 20 
237 205 20 
237 204 20 
237 203 20 
237 202 20 
237 201 20 
237 200 20 
236 199 20 
235 198 20 
234 197 20 
234 196 20 
234 195 20 
234 194 20 
234 193 20 
234 192 20 
233 191 20 
232 190 20 
231 189 20 
230 189 20 
229 188 20 
228 188 20 
227 188 20 
226 188 20 
225 189 20 
224 190 20 
223 191 20 
223 192 20 
223 193 20 
223 194 20 
223 195 20 
223 196 20 
224 197 20 
225 198 20 
226 199 20 
226 200 20 
226 201 20 
226 202 20 
226 203 20 
226 204 20 
227 205 20 
227 206 20 
226 207 20 
226 208 20 
226 209 20 
226 210 20 
226 211 20 
226 212 20 
226 213 20 
226 214 20 
227 215 20 
228 216 20 
229 217 20 
230 217 20 
231 217 20 
232 217 20 
233 217 20 
234 218 20 
235 219 20 
236 219 20 
237 219 20 
V
Segmentation 6
331 238 20 
332 237 20 
333 237 20 
334 236 20 
335 236 20 
336 235 20 
337 234 20 
338 233 20 
338 232 20 
337 231 20 
336 230 20 
336 229 20 
335 228 20 
334 227 20 
334 226 20 
333 225 20 
332 225 20 
331 225 20 
330 225 20 
329 226 20 
328 227 20 
328 228 20 
328 229 20 
328 230 20 
328 231 20 
327 232 20 
327 233 20 
327 234 20 
328 235 20 
328 236 20 
329 237 20 
330 238 20 
331 238 20 
V
Segmentation 7
359 251 20 
360 250 20 
361 250 20 
362 250 20 
363 250 20 
364 250 20 
365 249 20 
366 249 20 
367 248 20 
368 248 20 
369 248 20 
370 247 20 
371 247 20 
372 247 20 
373 246 20 
374 245 20 
375 245 20 
376 244 20 
376 243 20 
376 242 20 
376 241 20 
376 240 20 
376 239 20 
376 238 20 
376 237 20 
375 236 20 
375 235 20 
374 234 20 
373 233 20 
372 233 20 
371 233 20 
370 234 20 
369 234 20 
368 234 20 
367 233 20 
366 232 20 
365 231 20 
364 230 20 
363 229 20 
362 230 20 
361 230 20 
360 231 20 
359 231 20 
358 232 20 
357 233 20 
357 234 20 
357 235 20 
358 236 20 
358 237 20 
358 238 20 
358 239 20 
358 240 20 
357 240 20 
356 241 20 
355 241 20 
354 242 20 
353 243 20 
354 244 20 
354 245 20 
354 246 20 
354 247 20 
354 248 20 
354 249 20 
355 250 20 
356 251 20 
357 251 20 
358 251 20 
359 251 20 
V
Segmentation 8
187 251 20 
188 250 20 
189 249 20 
188 248 20 
188 247 20 
188 246 20 
189 245 20 
189 244 20 
189 243 20 
188 242 20 
187 242 20 
186 241 20 
185 241 20 
184 241 20 
183 241 20 
182 241 20 
181 242 20 
180 243 20 
179 244 20 
179 245 20 
179 246 20 
179 247 20 
180 248 20 
180 249 20 
181 250 20 
182 250 20 
183 250 20 
184 250 20 
185 251 20 
186 251 20 
187 251 20 
V
Segmentation 9
186 268 20 
187 267 20 
188 267 20 
189 266 20 
190 266 20 
191 265 20 
192 264 20 
192 263 20 
192 262 20 
191 261 20 
190 261 20 
189 260 20 
188 259 20 
187 259 20 
186 259 20 
185 258 20 
184 259 20 
183 259 20 
182 260 20 
182 261 20 
181 262 20 
181 263 20 
181 264 20 
182 265 20 
183 266 20 
183 267 20 
184 268 20 
185 268 20 
186 268 20 
V
Segmentation 10
368 282 20 
369 281 20 
370 280 20 
371 279 20 
372 278 20 
373 277 20 
374 277 20 
375 276 20 
376 275 20 
375 274 20 
374 273 20 
373 273 20 
372 273 20 
371 272 20 
370 271 20 
369 271 20 
368 271 20 
367 271 20 
366 272 20 
365 273 20 
365 274 20 
364 275 20 
364 276 20 
365 277 20 
365 278 20 
365 279 20 
365 280 20 
365 281 20 
366 282 20 
367 282 20 
368 282 20 
V
Segmentation 11
335 347 20 
336 346 20 
336 345 20 
335 344 20 
335 343 20 
335 342 20 
335 341 20 
335 340 20 
335 339 20 
335 338 20 
336 337 20 
337 337 20 
338 337 20 
339 336 20 
340 336 20 
341 336 20 
342 337 20 
343 337 20 
344 337 20 
345 336 20 
346 335 20 
347 334 20 
347 333 20 
348 332 20 
348 331 20 
348 330 20 
348 329 20 
349 329 20 
350 328 20 
350 327 20 
350 326 20 
350 325 20 
350 324 20 
350 323 20 
350 322 20 
350 321 20 
350 320 20 
351 319 20 
352 319 20 
353 318 20 
353 317 20 
353 316 20 
353 315 20 
353 314 20 
354 313 20 
354 312 20 
355 312 20 
356 312 20 
357 312 20 
358 311 20 
359 310 20 
359 309 20 
360 308 20 
360 307 20 
360 306 20 
359 305 20 
358 304 20 
357 303 20 
356 303 20 
355 302 20 
354 302 20 
353 302 20 
352 302 20 
351 302 20 
350 302 20 
349 302 20 
348 301 20 
347 301 20 
346 300 20 
345 301 20 
344 301 20 
343 301 20 
342 302 20 
341 303 20 
341 304 20 
340 305 20 
340 306 20 
340 307 20 
340 308 20 
340 309 20 
341 310 20 
341 311 20 
340 312 20 
339 312 20 
338 312 20 
337 311 20 
336 310 20 
335 310 20 
334 309 20 
333 308 20 
332 307 20 
331 306 20 
330 307 20 
329 308 20 
328 309 20 
327 309 20 
326 308 20 
325 307 20 
324 306 20 
324 305 20 
323 304 20 
322 303 20 
322 302 20 
322 301 20 
323 300 20 
322 299 20 
321 298 20 
321 297 20 
321 296 20 
321 295 20 
321 294 20 
321 293 20 
322 292 20 
323 291 20 
323 290 20 
323 289 20 
323 288 20 
323 287 20 
322 286 20 
321 285 20 
320 285 20 
320 284 20 
320 283 20 
320 282 20 
321 281 20 
320 280 20 
319 279 20 
319 278 20 
318 277 20 
317 277 20 
316 276 20 
315 275 20 
314 275 20 
313 275 20 
312 276 20 
311 277 20 
310 277 20 
309 278 20 
308 279 20 
307 280 20 
307 281 20 
308 282 20 
308 283 20 
309 284 20 
309 285 20 
310 286 20 
311 287 20 
312 288 20 
313 289 20 
313 290 20 
314 291 20 
314 292 20 
314 293 20 
315 294 20 
316 295 20 
316 296 20 
317 297 20 
317 298 20 
316 299 20 
316 300 20 
315 301 20 
314 302 20 
314 303 20 
315 304 20 
316 304 20 
317 305 20 
316 306 20 
315 307 20 
315 308 20 
316 309 20 
317 310 20 
317 311 20 
317 312 20 
318 313 20 
318 314 20 
318 315 20 
318 316 20 
318 317 20 
319 318 20 
318 319 20 
317 320 20 
316 321 20 
315 321 20 
314 320 20 
313 320 20 
312 319 20 
311 319 20 
310 319 20 
309 319 20 
308 319 20 
307 319 20 
306 319 20 
305 320 20 
304 321 20 
304 322 20 
305 323 20 
305 324 20 
305 325 20 
305 326 20 
305 327 20 
306 328 20 
307 328 20 
308 328 20 
309 329 20 
309 330 20 
310 331 20 
310 332 20 
310 333 20 
310 334 20 
310 335 20 
311 336 20 
312 337 20 
313 337 20 
314 337 20 
315 337 20 
316 338 20 
317 337 20 
318 337 20 
319 337 20 
320 337 20 
321 338 20 
322 338 20 
323 339 20 
324 339 20 
324 340 20 
324 341 20 
324 342 20 
324 343 20 
324 344 20 
325 345 20 
326 346 20 
327 347 20 
328 347 20 
329 347 20 
330 346 20 
331 346 20 
332 346 20 
333 347 20 
334 347 20 
335 347 20 
V
Segmentation 12
183 300 20 
184 299 20 
185 299 20 
186 298 20 
187 297 20 
188 296 20 
188 295 20 
187 294 20 
186 293 20 
185 292 20 
185 291 20 
184 290 20 
183 290 20 
182 290 20 
181 290 20 
180 290 20 
179 289 20 
178 289 20 
177 290 20 
176 291 20 
176 292 20 
177 293 20 
177 294 20 
177 295 20 
178 296 20 
179 297 20 
179 298 20 
180 299 20 
181 300 20 
182 300 20 
183 300 20 
V
Segmentation 13
213 357 20 
214 356 20 
215 356 20 
216 356 20 
217 355 20 
217 354 20 
217 353 20 
217 352 20 
216 351 20 
216 350 20 
217 349 20 
218 348 20 
219 347 20 
220 347 20 
221 346 20 
222 345 20 
222 344 20 
223 343 20 
223 342 20 
222 341 20 
221 341 20 
221 340 20 
221 339 20 
221 338 20 
221 337 20 
220 336 20 
219 335 20 
218 335 20 
217 336 20 
216 336 20 
215 337 20 
214 338 20 
213 338 20 
212 339 20 
211 340 20 
211 339 20 
210 338 20 
209 337 20 
208 336 20 
207 336 20 
207 335 20 
207 334 20 
207 333 20 
207 332 20 
207 331 20 
208 330 20 
209 330 20 
210 329 20 
211 328 20 
212 329 20 
213 329 20 
214 329 20 
215 330 20 
216 330 20 
217 329 20 
218 328 20 
219 327 20 
220 326 20 
221 325 20 
221 324 20 
220 323 20 
220 322 20 
219 321 20 
219 320 20 
218 319 20 
217 319 20 
216 319 20 
215 319 20 
214 318 20 
213 319 20 
212 320 20 
211 321 20 
210 322 20 
209 321 20 
208 320 20 
207 320 20 
206 320 20 
205 320 20 
205 319 20 
205 318 20 
206 317 20 
206 316 20 
206 315 20 
206 314 20 
206 313 20 
205 312 20 
204 311 20 
203 311 20 
202 310 20 
201 311 20 
200 311 20 
199 311 20 
198 311 20 
197 312 20 
197 313 20 
197 314 20 
197 315 20 
197 316 20 
197 317 20 
197 318 20 
197 319 20 
196 319 20 
195 320 20 
194 320 20 
193 321 20 
193 322 20 
192 323 20 
192 324 20 
192 325 20 
191 326 20 
190 326 20 
189 326 20 
188 327 20 
187 328 20 
186 329 20 
186 330 20 
186 331 20 
187 332 20 
188 333 20 
189 334 20 
190 335 20 
190 336 20 
189 337 20 
188 338 20 
188 339 20 
189 340 20 
190 340 20 
191 340 20 
192 340 20 
193 340 20 
193 341 20 
193 342 20 
194 343 20 
195 344 20 
195 345 20 
196 346 20 
197 346 20 
198 346 20 
199 346 20 
200 346 20 
201 346 20 
202 347 20 
203 347 20 
204 348 20 
205 348 20 
206 348 20 
206 349 20 
206 350 20 
206 351 20 
206 352 20 
206 353 20 
207 354 20 
208 354 20 
209 355 20 
210 355 20 
211 356 20 
212 357 20 
213 357 20 
V
Segmentation 0
228 182 21 
229 181 21 
230 181 21 
231 181 21 
232 180 21 
233 180 21 
234 179 21 
234 178 21 
234 177 21 
234 176 21 
234 175 21 
234 174 21 
233 173 21 
232 173 21 
231 172 21 
230 172 21 
229 171 21 
228 171 21 
228 170 21 
228 169 21 
228 168 21 
228 167 21 
229 166 21 
229 165 21 
230 164 21 
229 163 21 
229 162 21 
229 161 21 
229 160 21 
229 159 21 
229 158 21 
229 157 21 
229 156 21 
229 155 21 
228 154 21 
227 153 21 
227 152 21 
226 151 21 
225 151 21 
224 151 21 
223 152 21 
222 153 21 
221 154 21 
220 155 21 
220 156 21 
220 157 21 
220 158 21 
220 159 21 
220 160 21 
220 161 21 
220 162 21 
219 163 21 
218 164 21 
218 165 21 
219 166 21 
219 167 21 
220 168 21 
220 169 21 
219 169 21 
218 170 21 
218 171 21 
218 172 21 
217 173 21 
217 174 21 
217 175 21 
217 176 21 
217 177 21 
218 178 21 
219 179 21 
220 180 21 
221 180 21 
222 179 21 
223 179 21 
224 179 21 
225 180 21 
226 180 21 
227 181 21 
228 182 21 
V
Segmentation 1
214 193 21 
215 192 21 
216 192 21 
217 191 21 
218 190 21 
219 189 21 
220 188 21 
219 187 21 
219 186 21 
219 185 21 
218 184 21 
217 183 21 
216 183 21 
215 183 21 
214 183 21 
213 183 21 
212 184 21 
211 185 21 
210 186 21 
210 187 21 
210 188 21 
210 189 21 
211 190 21 
212 191 21 
213 192 21 
214 193 21 
V
Segmentation 2
207 224 21 
208 223 21 
208 222 21 
209 221 21 
210 220 21 
210 219 21 
211 218 21 
211 217 21 
212 216 21 
213 216 21 
214 215 21 
215 215 21 
216 214 21 
216 213 21 
216 212 21 
216 211 21 
216 210 21 
216 209 21 
217 208 21 
216 207 21 
215 207 21 
214 206 21 
213 206 21 
212 205 21 
211 205 21 
210 205 21 
209 206 21 
208 206 21 
207 206 21 
206 206 21 
205 206 21 
204 206 21 
203 205 21 
202 205 21 
201 205 21 
200 205 21 
199 205 21 
198 206 21 
197 206 21 
196 207 21 
196 208 21 
196 209 21 
195 210 21 
195 211 21 
196 212 21 
197 213 21 
197 214 21 
198 215 21 
199 215 21 
200 216 21 
201 217 21 
201 218 21 
201 219 21 
201 220 21 
202 221 21 
203 222 21 
204 223 21 
205 224 21 
206 224 21 
207 224 21 
V
Segmentation 3
313 259 21 
314 258 21 
315 257 21 
315 256 21 
315 255 21 
315 254 21 
314 253 21 
314 252 21 
314 251 21 
313 250 21 
313 249 21 
313 248 21 
313 247 21 
313 246 21 
313 245 21 
313 244 21 
313 243 21 
313 242 21 
313 241 21 
313 240 21 
313 239 21 
313 238 21 
313 237 21 
313 236 21 
312 235 21 
313 234 21 
313 233 21 
313 232 21 
313 231 21 
312 230 21 
312 229 21 
312 228 21 
311 227 21 
311 226 21 
311 225 21 
312 225 21 
313 224 21 
314 223 21 
314 222 21 
314 221 21 
314 220 21 
314 219 21 
315 218 21 
314 217 21 
313 216 21 
312 216 21 
311 215 21 
310 215 21 
309 215 21 
308 215 21 
307 216 21 
306 217 21 
306 218 21 
306 219 21 
306 220 21 
306 221 21 
306 222 21 
306 223 21 
306 224 21 
305 225 21 
304 226 21 
304 227 21 
304 228 21 
304 229 21 
303 230 21 
303 231 21 
303 232 21 
303 233 21 
304 234 21 
304 235 21 
304 236 21 
304 237 21 
305 238 21 
305 239 21 
304 240 21 
304 241 21 
304 242 21 
304 243 21 
304 244 21 
303 245 21 
303 246 21 
303 247 21 
304 248 21 
304 249 21 
304 250 21 
304 251 21 
304 252 21 
305 253 21 
306 254 21 
306 255 21 
306 256 21 
307 257 21 
308 258 21 
309 259 21 
310 259 21 
311 259 21 
312 259 21 
313 259 21 
V
Segmentation 4
336 235 21 
337 234 21 
338 234 21 
339 234 21 
340 233 21 
341 233 21 
342 232 21 
342 231 21 
343 231 21 
344 230 21 
345 230 21 
346 229 21 
347 228 21 
347 227 21 
346 226 21 
345 225 21 
344 224 21 
343 224 21 
342 223 21 
342 222 21 
342 221 21 
342 220 21 
341 219 21 
341 218 21 
340 217 21 
339 216 21 
338 216 21 
337 215 21 
336 215 21 
335 215 21 
334 215 21 
333 216 21 
332 217 21 
332 218 21 
332 219 21 
332 220 21 
332 221 21 
332 222 21 
332 223 21 
331 224 21 
330 224 21 
329 224 21 
328 224 21 
327 224 21 
326 224 21 
325 225 21 
325 226 21 
326 227 21 
326 228 21 
325 229 21 
325 230 21 
325 231 21 
326 232 21 
327 233 21 
328 233 21 
329 234 21 
330 234 21 
331 234 21 
332 234 21 
333 234 21 
334 234 21 
335 235 21 
336 235 21 
V
Segmentation 5
200 244 21 
201 243 21 
201 242 21 
202 241 21 
203 240 21 
202 239 21 
202 238 21 
202 237 21 
202 236 21 
201 235 21 
200 235 21 
199 234 21 
198 234 21 
197 234 21 
196 234 21 
195 234 21 
194 235 21 
193 236 21 
192 237 21 
192 238 21 
192 239 21 
192 240 21 
191 241 21 
192 242 21 
193 243 21 
194 243 21 
195 243 21 
196 244 21 
197 244 21 
198 244 21 
199 244 21 
200 244 21 
V
Segmentation 6
341 252 21 
342 251 21 
343 251 21 
344 251 21 
345 250 21 
346 250 21 
347 250 21 
348 250 21 
349 250 21 
350 249 21 
351 249 21 
352 248 21 
352 247 21 
353 246 21 
353 245 21 
353 244 21 
352 243 21 
352 242 21 
352 241 21 
351 240 21 
350 239 21 
349 238 21 
348 238 21 
347 238 21 
346 239 21 
345 240 21 
344 240 21 
343 241 21 
342 240 21 
341 240 21 
340 241 21 
339 242 21 
338 242 21 
337 243 21 
336 244 21 
336 245 21 
336 246 21 
336 247 21 
337 248 21 
337 249 21 
337 250 21 
338 251 21 
339 251 21 
340 251 21 
341 252 21 
V
Segmentation 7
370 282 21 
371 281 21 
372 281 21 
373 281 21 
374 280 21 
375 279 21 
375 278 21 
375 277 21 
374 276 21 
373 275 21 
372 274 21 
371 273 21 
370 272 21 
369 271 21 
368 271 21 
367 271 21 
366 272 21 
366 273 21 
366 274 21 
365 275 21 
365 276 21 
364 277 21 
364 278 21 
364 279 21 
365 280 21 
366 281 21 
367 282 21 
368 282 21 
369 282 21 
370 282 21 
V
Segmentation 8
190 301 21 
191 300 21 
192 299 21 
191 298 21 
191 297 21 
191 296 21 
191 295 21 
190 294 21 
189 294 21 
188 293 21 
187 293 21 
186 293 21 
185 292 21 
184 292 21 
183 292 21 
183 291 21 
183 290 21 
183 289 21 
184 288 21 
183 287 21 
182 286 21 
181 285 21 
180 284 21 
179 283 21 
178 283 21 
177 283 21 
176 283 21 
175 283 21 
175 282 21 
175 281 21 
174 280 21 
174 279 21 
174 278 21 
174 277 21 
173 276 21 
172 275 21 
171 274 21 
170 273 21 
169 273 21 
168 274 21 
167 275 21 
167 276 21 
166 277 21 
165 278 21 
164 279 21 
164 280 21 
164 281 21 
164 282 21 
165 283 21 
166 284 21 
167 284 21 
168 285 21 
169 286 21 
170 286 21 
171 286 21 
172 287 21 
173 288 21 
173 289 21 
173 290 21 
174 291 21 
175 292 21 
176 292 21 
177 293 21 
178 293 21 
179 294 21 
180 294 21 
181 295 21 
182 296 21 
182 297 21 
183 298 21 
183 299 21 
183 300 21 
184 301 21 
185 301 21 
186 301 21 
187 301 21 
188 301 21 
189 301 21 
190 301 21 
V
Segmentation 9
338 348 21 
339 347 21 
340 346 21 
341 345 21 
342 344 21 
343 345 21 
344 345 21 
345 345 21 
346 345 21 
347 346 21 
348 346 21 
349 345 21 
350 344 21 
350 343 21 
350 342 21 
350 341 21 
350 340 21 
350 339 21 
350 338 21 
350 337 21 
351 337 21 
352 337 21 
353 337 21 
354 336 21 
354 335 21 
354 334 21 
354 333 21 
354 332 21 
355 331 21 
355 330 21 
355 329 21 
354 328 21 
353 328 21 
352 327 21 
351 327 21 
350 326 21 
350 325 21 
350 324 21 
350 323 21 
350 322 21 
350 321 21 
349 320 21 
348 319 21 
347 319 21 
346 318 21 
345 319 21 
344 319 21 
343 320 21 
342 320 21 
341 320 21 
340 320 21 
339 319 21 
338 318 21 
338 317 21 
338 316 21 
338 315 21 
338 314 21 
338 313 21 
339 312 21 
340 312 21 
341 312 21 
342 312 21 
343 311 21 
342 310 21 
342 309 21 
342 308 21 
342 307 21 
342 306 21 
342 305 21 
342 304 21 
343 304 21 
344 304 21 
345 303 21 
345 302 21 
345 301 21 
344 300 21 
344 299 21 
344 298 21 
343 297 21 
343 296 21 
343 295 21 
342 294 21 
341 293 21 
340 293 21 
339 293 21 
338 293 21 
337 293 21 
336 293 21 
335 292 21 
334 291 21 
333 291 21 
332 291 21 
331 292 21 
330 293 21 
329 294 21 
328 294 21 
327 295 21 
327 296 21 
327 297 21 
327 298 21 
327 299 21 
326 300 21 
325 301 21 
324 302 21 
323 303 21 
322 302 21 
321 302 21 
320 301 21 
319 301 21 
318 301 21 
317 301 21 
316 302 21 
315 302 21 
314 303 21 
313 304 21 
313 305 21 
313 306 21 
313 307 21 
313 308 21 
313 309 21 
314 310 21 
315 310 21 
316 311 21 
317 311 21 
318 312 21 
319 312 21 
320 313 21 
320 314 21 
320 315 21 
321 316 21 
321 317 21 
320 317 21 
319 318 21 
318 318 21 
317 318 21 
316 319 21 
315 319 21 
314 320 21 
314 321 21 
314 322 21 
314 323 21 
314 324 21 
314 325 21 
314 326 21 
314 327 21 
315 328 21 
316 328 21 
317 329 21 
318 329 21 
319 329 21 
320 329 21 
321 329 21 
322 328 21 
323 327 21 
324 327 21 
325 328 21 
326 328 21 
327 328 21 
327 329 21 
327 330 21 
327 331 21 
327 332 21 
327 333 21 
327 334 21 
327 335 21 
326 336 21 
325 336 21 
324 337 21 
325 338 21 
326 339 21 
326 340 21 
326 341 21 
326 342 21 
326 343 21 
327 344 21 
328 345 21 
329 344 21 
330 343 21 
331 343 21 
332 342 21 
333 343 21 
334 344 21 
335 345 21 
335 346 21 
336 347 21 
337 347 21 
338 348 21 
V
Segmentation 10
365 317 21 
366 316 21 
367 315 21 
368 314 21 
369 314 21 
370 313 21 
370 312 21 
370 311 21 
369 310 21 
369 309 21 
368 308 21 
367 308 21 
367 307 21 
367 306 21 
366 305 21 
365 304 21 
364 304 21 
363 304 21 
362 305 21 
361 306 21 
361 307 21 
360 308 21 
359 309 21 
359 310 21 
360 311 21 
359 312 21 
359 313 21 
360 314 21 
360 315 21 
361 316 21 
362 317 21 
363 317 21 
364 317 21 
365 317 21 
V
Segmentation 11
217 327 21 
218 326 21 
219 326 21 
220 326 21 
221 326 21 
222 325 21 
223 324 21 
223 323 21 
222 322 21 
222 321 21 
222 320 21 
221 319 21 
220 319 21 
219 318 21 
218 318 21 
217 317 21 
216 317 21 
215 316 21 
215 315 21 
215 314 21 
215 313 21 
214 312 21 
213 311 21 
212 310 21 
211 309 21 
211 308 21 
210 307 21 
209 307 21 
208 308 21 
207 309 21 
206 309 21 
205 309 21 
204 310 21 
203 311 21 
204 312 21 
205 313 21 
205 314 21 
205 315 21 
205 316 21 
205 317 21 
205 318 21 
205 319 21 
204 320 21 
205 321 21 
206 322 21 
207 322 21 
208 321 21 
209 320 21 
210 320 21 
211 320 21 
212 321 21 
213 322 21 
214 323 21 
213 324 21 
213 325 21 
213 326 21 
214 327 21 
215 327 21 
216 327 21 
217 327 21 
V
Segmentation 12
383 335 21 
384 334 21 
384 333 21 
384 332 21 
385 331 21 
385 330 21 
386 329 21 
385 328 21 
384 327 21 
383 326 21 
383 325 21 
382 324 21 
381 323 21 
380 323 21 
379 323 21 
378 323 21 
377 324 21 
376 323 21 
375 323 21 
375 322 21 
374 321 21 
373 320 21 
372 321 21 
371 321 21 
370 321 21 
369 322 21 
368 322 21 
367 322 21 
366 323 21 
367 324 21 
367 325 21 
367 326 21 
367 327 21 
368 328 21 
369 329 21 
370 329 21 
371 329 21 
372 329 21 
373 329 21 
374 330 21 
375 331 21 
376 332 21 
377 333 21 
378 334 21 
379 335 21 
380 335 21 
381 335 21 
382 335 21 
383 335 21 
V
Segmentation 13
205 374 21 
206 373 21 
207 372 21 
207 371 21 
208 370 21 
208 369 21 
208 368 21 
208 367 21 
208 366 21 
208 365 21 
208 364 21 
209 363 21 
210 362 21 
211 362 21 
212 361 21 
212 360 21 
213 359 21 
213 358 21 
213 357 21 
213 356 21 
212 355 21 
211 355 21 
210 355 21 
209 354 21 
208 353 21 
207 353 21 
206 353 21 
205 353 21 
204 353 21 
203 353 21 
202 353 21 
201 352 21 
201 351 21 
201 350 21 
201 349 21 
200 348 21 
200 347 21 
201 346 21 
202 345 21 
202 344 21 
203 343 21 
202 342 21 
202 341 21 
202 340 21 
202 339 21 
202 338 21 
201 337 21 
200 336 21 
199 335 21 
198 334 21 
197 334 21 
196 335 21 
195 335 21 
194 336 21 
193 337 21 
193 338 21 
193 339 21 
193 340 21 
193 341 21 
193 342 21 
193 343 21 
193 344 21 
193 345 21 
192 346 21 
191 346 21 
190 347 21 
190 348 21 
190 349 21 
190 350 21 
190 351 21 
190 352 21 
190 353 21 
191 354 21 
192 355 21 
193 355 21 
194 356 21 
195 356 21 
196 357 21 
195 358 21 
195 359 21 
195 360 21 
195 361 21 
194 362 21 
194 363 21 
194 364 21 
194 365 21 
195 366 21 
196 367 21 
197 368 21 
198 369 21 
198 370 21 
199 371 21 
200 371 21 
201 372 21 
202 373 21 
203 374 21 
204 374 21 
205 374 21 
V
Segmentation 0
187 268 22 
188 267 22 
189 266 22 
190 266 22 
191 265 22 
192 266 22 
193 266 22 
194 266 22 
195 266 22 
196 267 22 
197 267 22 
198 267 22 
199 266 22 
199 265 22 
198 264 22 
198 263 22 
199 262 22 
199 261 22 
199 260 22 
200 259 22 
201 259 22 
202 258 22 
203 257 22 
203 256 22 
203 255 22 
203 254 22 
203 253 22 
203 252 22 
203 251 22 
202 250 22 
201 250 22 
200 249 22 
199 249 22 
199 248 22 
199 247 22 
199 246 22 
199 245 22 
199 244 22 
200 243 22 
201 242 22 
202 241 22 
203 240 22 
202 239 22 
202 238 22 
201 237 22 
200 236 22 
199 235 22 
198 234 22 
197 234 22 
196 235 22 
195 236 22 
194 237 22 
193 238 22 
193 239 22 
193 240 22 
193 241 22 
192 242 22 
191 242 22 
190 242 22 
189 243 22 
189 244 22 
189 245 22 
189 246 22 
189 247 22 
189 248 22 
188 249 22 
188 250 22 
187 250 22 
186 251 22 
185 251 22 
184 252 22 
183 253 22 
183 254 22 
183 255 22 
183 256 22 
184 257 22 
183 258 22 
182 258 22 
181 259 22 
180 260 22 
180 261 22 
180 262 22 
180 263 22 
180 264 22 
180 265 22 
181 266 22 
182 266 22 
183 267 22 
184 267 22 
185 268 22 
186 268 22 
187 268 22 
V
Segmentation 1
187 320 22 
188 319 22 
189 318 22 
190 317 22 
190 316 22 
190 315 22 
191 314 22 
191 313 22 
192 313 22 
193 313 22 
194 313 22 
195 313 22 
196 313 22 
197 312 22 
198 312 22 
199 312 22 
200 311 22 
201 311 22 
202 311 22 
203 310 22 
203 309 22 
203 308 22 
203 307 22 
203 306 22 
204 305 22 
204 304 22 
204 303 22 
205 302 22 
206 302 22 
207 301 22 
208 301 22 
209 300 22 
208 299 22 
209 298 22 
209 297 22 
208 296 22 
208 295 22 
207 294 22 
207 293 22 
206 292 22 
205 292 22 
204 292 22 
203 292 22 
202 292 22 
201 292 22 
200 293 22 
199 293 22 
198 294 22 
197 295 22 
196 294 22 
195 294 22 
194 293 22 
194 292 22 
194 291 22 
194 290 22 
194 289 22 
194 288 22 
194 287 22 
194 286 22 
194 285 22 
193 284 22 
192 284 22 
191 283 22 
190 283 22 
190 282 22 
190 281 22 
190 280 22 
190 279 22 
190 278 22 
190 277 22 
189 276 22 
188 275 22 
187 275 22 
186 275 22 
185 274 22 
184 275 22 
184 276 22 
185 277 22 
185 278 22 
184 277 22 
183 277 22 
182 277 22 
181 278 22 
180 279 22 
180 280 22 
179 281 22 
178 282 22 
177 282 22 
177 281 22 
176 280 22 
175 279 22 
175 278 22 
174 277 22 
173 276 22 
172 276 22 
171 277 22 
170 277 22 
169 277 22 
168 277 22 
167 277 22 
166 277 22 
165 278 22 
165 279 22 
165 280 22 
165 281 22 
165 282 22 
165 283 22 
166 284 22 
167 285 22 
168 285 22 
169 286 22 
170 287 22 
170 288 22 
171 289 22 
171 290 22 
171 291 22 
171 292 22 
172 293 22 
172 294 22 
172 295 22 
172 296 22 
172 297 22 
172 298 22 
172 299 22 
171 300 22 
171 301 22 
171 302 22 
172 303 22 
173 303 22 
174 303 22 
175 304 22 
176 304 22 
176 305 22 
176 306 22 
176 307 22 
177 308 22 
177 309 22 
177 310 22 
178 311 22 
179 312 22 
180 312 22 
181 313 22 
181 314 22 
181 315 22 
181 316 22 
181 317 22 
182 318 22 
183 318 22 
184 319 22 
185 319 22 
186 319 22 
187 320 22 
V
Segmentation 2
345 298 22 
346 297 22 
347 297 22 
348 297 22 
349 296 22 
350 295 22 
350 294 22 
351 293 22 
351 292 22 
351 291 22 
351 290 22 
351 289 22 
351 288 22 
350 287 22 
349 286 22 
348 285 22 
347 286 22 
346 286 22 
345 287 22 
344 287 22 
343 288 22 
342 289 22 
341 290 22 
341 291 22 
340 292 22 
339 293 22 
339 294 22 
339 295 22 
340 296 22 
341 296 22 
342 297 22 
343 298 22 
344 298 22 
345 298 22 
V
Segmentation 3
333 355 22 
334 354 22 
335 353 22 
335 352 22 
336 351 22 
336 350 22 
337 349 22 
337 348 22 
338 348 22 
339 348 22 
340 348 22 
341 349 22 
342 349 22 
343 349 22 
344 349 22 
345 348 22 
346 348 22 
347 347 22 
348 346 22 
349 346 22 
350 345 22 
350 344 22 
350 343 22 
349 342 22 
349 341 22 
348 340 22 
348 339 22 
347 338 22 
347 337 22 
346 336 22 
345 336 22 
344 336 22 
343 337 22 
342 338 22 
341 338 22 
340 338 22 
339 337 22 
338 337 22 
337 336 22 
336 336 22 
335 336 22 
334 337 22 
333 338 22 
332 338 22 
331 339 22 
330 340 22 
331 341 22 
331 342 22 
332 343 22 
332 344 22 
331 345 22 
330 346 22 
329 347 22 
328 348 22 
327 349 22 
326 350 22 
327 351 22 
328 352 22 
329 352 22 
330 352 22 
331 353 22 
332 354 22 
333 355 22 
V
Segmentation 0
228 207 23 
229 206 23 
230 205 23 
231 204 23 
232 203 23 
233 202 23 
234 201 23 
235 200 23 
234 199 23 
233 198 23 
232 197 23 
231 196 23 
230 195 23 
229 195 23 
228 195 23 
227 195 23 
226 195 23 
225 195 23 
224 196 23 
223 197 23 
222 198 23 
222 199 23 
223 200 23 
223 201 23 
223 202 23 
223 203 23 
223 204 23 
223 205 23 
223 206 23 
224 207 23 
225 207 23 
226 207 23 
227 207 23 
228 207 23 
V
Segmentation 1
227 243 23 
228 242 23 
229 242 23 
230 241 23 
231 240 23 
231 239 23 
231 238 23 
231 237 23 
231 236 23 
231 235 23 
230 234 23 
229 234 23 
228 233 23 
227 232 23 
226 232 23 
225 232 23 
224 232 23 
223 233 23 
223 234 23 
222 235 23 
221 236 23 
220 237 23 
220 238 23 
221 239 23 
222 240 23 
223 241 23 
224 242 23 
225 242 23 
226 242 23 
227 243 23 
V
Segmentation 2
207 266 23 
208 265 23 
209 264 23 
209 263 23 
210 262 23 
210 261 23 
210 260 23 
210 259 23 
210 258 23 
211 257 23 
211 256 23 
211 255 23 
211 254 23 
211 253 23 
211 252 23 
211 251 23 
210 250 23 
209 249 23 
208 248 23 
207 248 23 
206 248 23 
205 248 23 
204 249 23 
203 249 23 
202 250 23 
201 250 23 
200 250 23 
199 249 23 
198 249 23 
197 249 23 
196 250 23 
195 250 23 
194 250 23 
193 251 23 
192 251 23 
191 252 23 
190 252 23 
189 252 23 
188 252 23 
187 253 23 
186 253 23 
185 254 23 
184 255 23 
183 256 23 
183 257 23 
182 258 23 
182 259 23 
183 260 23 
184 260 23 
185 260 23 
186 261 23 
187 261 23 
188 262 23 
189 263 23 
190 263 23 
191 262 23 
192 261 23 
192 260 23 
193 259 23 
194 259 23 
195 259 23 
196 260 23 
197 259 23 
198 259 23 
199 260 23 
200 261 23 
200 262 23 
200 263 23 
200 264 23 
201 265 23 
202 266 23 
203 266 23 
204 266 23 
205 266 23 
206 266 23 
207 266 23 
V
Segmentation 3
189 312 23 
190 311 23 
191 311 23 
192 311 23 
193 311 23 
194 310 23 
195 310 23 
196 311 23 
197 311 23 
198 311 23 
199 310 23 
200 309 23 
201 309 23 
202 308 23 
203 307 23 
204 306 23 
204 305 23 
205 304 23 
206 304 23 
207 303 23 
208 303 23 
209 303 23 
210 303 23 
211 304 23 
212 305 23 
213 304 23 
214 303 23 
215 303 23 
216 302 23 
215 301 23 
215 300 23 
215 299 23 
215 298 23 
215 297 23 
214 296 23 
213 296 23 
213 295 23 
213 294 23 
212 293 23 
211 293 23 
210 293 23 
209 293 23 
208 293 23 
207 293 23 
206 293 23 
205 292 23 
205 291 23 
205 290 23 
205 289 23 
205 288 23 
205 287 23 
205 286 23 
205 285 23 
204 284 23 
203 283 23 
202 283 23 
201 282 23 
200 282 23 
199 283 23 
198 284 23 
197 285 23 
196 285 23 
195 286 23 
194 285 23 
193 284 23 
193 283 23 
192 282 23 
191 282 23 
190 282 23 
189 283 23 
188 284 23 
187 284 23 
186 284 23 
185 285 23 
184 284 23 
183 284 23 
182 283 23 
181 283 23 
180 283 23 
179 284 23 
178 285 23 
177 285 23 
176 286 23 
176 287 23 
175 288 23 
175 289 23 
175 290 23 
175 291 23 
175 292 23 
176 293 23 
177 293 23 
178 293 23 
179 294 23 
180 294 23 
181 294 23 
182 294 23 
183 294 23 
183 295 23 
184 296 23 
184 297 23 
184 298 23 
184 299 23 
184 300 23 
185 301 23 
186 302 23 
186 303 23 
186 304 23 
186 305 23 
186 306 23 
186 307 23 
185 308 23 
184 309 23 
185 310 23 
186 311 23 
187 311 23 
188 311 23 
189 312 23 
V
Segmentation 0
250 184 24 
251 183 24 
251 182 24 
251 181 24 
250 180 24 
250 179 24 
249 178 24 
248 177 24 
247 176 24 
246 176 24 
245 176 24 
244 176 24 
243 177 24 
242 178 24 
242 179 24 
242 180 24 
242 181 24 
242 182 24 
243 183 24 
244 184 24 
245 184 24 
246 184 24 
247 184 24 
248 184 24 
249 184 24 
250 184 24 
V
Segmentation 1
309 211 24 
310 210 24 
311 210 24 
312 209 24 
312 208 24 
313 208 24 
314 207 24 
315 207 24 
316 206 24 
316 205 24 
316 204 24 
317 203 24 
317 202 24 
317 201 24 
317 200 24 
316 199 24 
315 198 24 
314 198 24 
313 198 24 
312 198 24 
311 197 24 
310 197 24 
309 198 24 
308 199 24 
307 200 24 
307 201 24 
307 202 24 
307 203 24 
306 204 24 
306 205 24 
307 206 24 
308 207 24 
308 208 24 
308 209 24 
308 210 24 
309 211 24 
V
Segmentation 2
346 217 24 
347 216 24 
348 216 24 
349 216 24 
350 216 24 
351 215 24 
351 214 24 
352 213 24 
352 212 24 
352 211 24 
352 210 24 
351 209 24 
350 208 24 
349 207 24 
349 206 24 
349 205 24 
348 204 24 
347 204 24 
346 204 24 
345 205 24 
344 206 24 
343 206 24 
342 207 24 
342 208 24 
342 209 24 
342 210 24 
342 211 24 
342 212 24 
342 213 24 
341 214 24 
341 215 24 
342 216 24 
343 217 24 
344 217 24 
345 217 24 
346 217 24 
V
Segmentation 3
219 279 24 
220 278 24 
221 278 24 
222 278 24 
223 277 24 
223 276 24 
224 275 24 
225 274 24 
225 273 24 
225 272 24 
224 271 24 
223 270 24 
222 270 24 
221 270 24 
220 270 24 
219 269 24 
218 269 24 
217 268 24 
217 267 24 
216 266 24 
215 266 24 
214 266 24 
214 265 24 
213 264 24 
212 265 24 
212 266 24 
211 267 24 
210 268 24 
210 269 24 
210 270 24 
210 271 24 
211 272 24 
210 273 24 
210 274 24 
210 275 24 
211 276 24 
212 277 24 
213 278 24 
214 278 24 
215 279 24 
216 279 24 
217 279 24 
218 279 24 
219 279 24 
V
Segmentation 0
230 225 26 
231 224 26 
232 224 26 
233 224 26 
234 224 26 
235 224 26 
236 223 26 
237 222 26 
237 221 26 
237 220 26 
237 219 26 
238 218 26 
237 217 26 
236 216 26 
235 215 26 
234 215 26 
233 215 26 
232 216 26 
231 217 26 
230 217 26 
229 217 26 
228 217 26 
227 218 26 
227 219 26 
227 220 26 
226 220 26 
225 220 26 
224 221 26 
224 222 26 
225 223 26 
226 224 26 
227 224 26 
228 225 26 
229 225 26 
230 225 26 
V
Segmentation 1
241 246 26 
242 245 26 
242 244 26 
243 243 26 
244 243 26 
245 243 26 
246 243 26 
247 244 26 
248 244 26 
249 244 26 
250 243 26 
251 242 26 
252 242 26 
253 241 26 
254 240 26 
255 239 26 
255 238 26 
255 237 26 
255 236 26 
254 235 26 
253 235 26 
252 234 26 
251 233 26 
250 232 26 
249 232 26 
248 231 26 
248 230 26 
247 229 26 
246 229 26 
245 228 26 
244 228 26 
243 227 26 
242 226 26 
241 226 26 
240 226 26 
239 226 26 
238 226 26 
237 227 26 
236 228 26 
236 229 26 
236 230 26 
236 231 26 
237 232 26 
237 233 26 
237 234 26 
238 235 26 
238 236 26 
237 237 26 
236 238 26 
237 239 26 
237 240 26 
236 241 26 
235 242 26 
236 243 26 
237 244 26 
238 245 26 
239 246 26 
240 246 26 
241 246 26 
V
Segmentation 2
291 251 26 
292 250 26 
292 249 26 
293 248 26 
293 247 26 
293 246 26 
293 245 26 
293 244 26 
293 243 26 
292 242 26 
291 241 26 
290 241 26 
289 241 26 
288 241 26 
287 241 26 
286 242 26 
285 242 26 
284 243 26 
284 244 26 
284 245 26 
284 246 26 
284 247 26 
284 248 26 
285 249 26 
286 249 26 
287 250 26 
288 251 26 
289 251 26 
290 251 26 
291 251 26 
V
Segmentation 3
251 270 26 
252 269 26 
252 268 26 
253 267 26 
253 266 26 
254 265 26 
254 264 26 
253 263 26 
252 263 26 
252 262 26 
251 261 26 
250 260 26 
249 260 26 
248 259 26 
247 259 26 
246 259 26 
246 258 26 
246 257 26 
247 256 26 
247 255 26 
246 254 26 
246 253 26 
247 252 26 
246 251 26 
245 250 26 
244 250 26 
243 249 26 
242 248 26 
241 248 26 
240 248 26 
239 249 26 
238 250 26 
238 251 26 
237 252 26 
236 253 26 
236 254 26 
236 255 26 
236 256 26 
236 257 26 
237 258 26 
238 259 26 
239 259 26 
240 260 26 
239 261 26 
240 262 26 
241 263 26 
242 263 26 
243 263 26 
243 264 26 
242 264 26 
241 265 26 
240 266 26 
241 267 26 
242 268 26 
243 268 26 
244 268 26 
245 269 26 
246 269 26 
247 270 26 
248 270 26 
249 270 26 
250 270 26 
251 270 26 
V
Segmentation 0
242 278 27 
243 277 27 
244 277 27 
245 277 27 
246 277 27 
247 277 27 
248 277 27 
249 276 27 
249 275 27 
249 274 27 
249 273 27 
249 272 27 
248 271 27 
247 270 27 
246 270 27 
245 270 27 
244 270 27 
243 269 27 
242 269 27 
241 269 27 
240 269 27 
239 270 27 
238 270 27 
237 269 27 
236 269 27 
235 269 27 
234 268 27 
233 269 27 
232 269 27 
231 270 27 
231 271 27 
230 272 27 
230 273 27 
230 274 27 
230 275 27 
231 276 27 
232 276 27 
233 276 27 
234 276 27 
235 276 27 
236 276 27 
237 276 27 
238 276 27 
239 277 27 
240 278 27 
241 278 27 
242 278 27 
V
