Segmentation 0
120 334 13 
121 333 13 
122 332 13 
123 331 13 
123 330 13 
124 329 13 
125 329 13 
126 328 13 
127 327 13 
127 326 13 
127 325 13 
127 324 13 
127 323 13 
127 322 13 
127 321 13 
127 320 13 
127 319 13 
128 318 13 
128 317 13 
127 316 13 
126 315 13 
125 315 13 
124 314 13 
123 314 13 
122 314 13 
121 313 13 
120 313 13 
119 314 13 
118 315 13 
117 316 13 
116 317 13 
116 318 13 
117 319 13 
117 320 13 
117 321 13 
117 322 13 
117 323 13 
116 324 13 
115 324 13 
114 325 13 
113 326 13 
113 327 13 
113 328 13 
113 329 13 
113 330 13 
112 331 13 
111 331 13 
110 332 13 
111 333 13 
112 333 13 
113 333 13 
114 333 13 
115 333 13 
116 334 13 
117 334 13 
118 333 13 
119 333 13 
120 334 13 
V
Segmentation 0
344 299 14 
345 298 14 
346 297 14 
347 296 14 
347 295 14 
347 294 14 
347 293 14 
347 292 14 
347 291 14 
346 290 14 
346 289 14 
345 288 14 
344 287 14 
344 286 14 
343 285 14 
342 284 14 
341 283 14 
340 282 14 
339 282 14 
338 282 14 
337 281 14 
336 281 14 
335 282 14 
334 282 14 
333 283 14 
332 284 14 
331 285 14 
331 286 14 
331 287 14 
331 288 14 
331 289 14 
331 290 14 
331 291 14 
331 292 14 
332 293 14 
333 294 14 
334 295 14 
335 296 14 
336 297 14 
337 297 14 
338 298 14 
339 298 14 
340 299 14 
341 299 14 
342 299 14 
343 299 14 
344 299 14 
V
Segmentation 0
173 238 16 
174 237 16 
175 236 16 
175 235 16 
175 234 16 
176 233 16 
176 232 16 
176 231 16 
176 230 16 
177 231 16 
178 231 16 
179 231 16 
180 231 16 
181 230 16 
182 229 16 
183 229 16 
184 229 16 
185 228 16 
186 228 16 
187 227 16 
186 226 16 
186 225 16 
187 224 16 
188 223 16 
188 222 16 
187 221 16 
186 220 16 
185 219 16 
184 218 16 
183 218 16 
182 219 16 
181 219 16 
180 220 16 
179 221 16 
178 221 16 
177 221 16 
177 220 16 
176 219 16 
176 218 16 
176 217 16 
177 216 16 
177 215 16 
176 214 16 
176 213 16 
175 212 16 
174 212 16 
173 212 16 
172 212 16 
171 213 16 
170 213 16 
169 213 16 
168 214 16 
167 215 16 
167 216 16 
167 217 16 
167 218 16 
167 219 16 
167 220 16 
166 220 16 
165 221 16 
164 222 16 
163 223 16 
163 224 16 
163 225 16 
163 226 16 
164 227 16 
165 228 16 
166 229 16 
167 229 16 
167 230 16 
166 231 16 
166 232 16 
166 233 16 
166 234 16 
167 235 16 
168 236 16 
169 236 16 
170 237 16 
171 238 16 
172 238 16 
173 238 16 
V
Segmentation 1
154 269 16 
155 268 16 
156 267 16 
156 266 16 
156 265 16 
156 264 16 
155 263 16 
155 262 16 
156 261 16 
157 260 16 
158 260 16 
159 260 16 
160 259 16 
160 258 16 
161 257 16 
161 256 16 
162 255 16 
163 254 16 
163 253 16 
162 252 16 
162 251 16 
161 250 16 
161 249 16 
161 248 16 
161 247 16 
160 246 16 
159 245 16 
158 244 16 
157 243 16 
156 244 16 
155 244 16 
154 244 16 
153 244 16 
152 244 16 
151 245 16 
150 246 16 
150 247 16 
151 248 16 
151 249 16 
151 250 16 
152 251 16 
152 252 16 
152 253 16 
151 254 16 
151 255 16 
150 256 16 
149 257 16 
148 258 16 
147 259 16 
146 260 16 
146 261 16 
146 262 16 
146 263 16 
146 264 16 
146 265 16 
146 266 16 
147 267 16 
148 268 16 
149 268 16 
150 269 16 
151 269 16 
152 268 16 
153 269 16 
154 269 16 
V
Segmentation 2
276 427 16 
277 426 16 
278 425 16 
278 424 16 
278 423 16 
279 422 16 
279 421 16 
279 420 16 
279 419 16 
280 418 16 
280 417 16 
281 416 16 
281 415 16 
281 414 16 
281 413 16 
281 412 16 
281 411 16 
280 410 16 
279 409 16 
278 409 16 
277 409 16 
276 410 16 
275 410 16 
274 410 16 
273 409 16 
272 408 16 
271 407 16 
270 408 16 
269 408 16 
268 408 16 
267 409 16 
266 410 16 
265 411 16 
266 412 16 
266 413 16 
266 414 16 
266 415 16 
267 416 16 
267 417 16 
267 418 16 
266 419 16 
265 420 16 
265 421 16 
265 422 16 
265 423 16 
266 424 16 
267 425 16 
268 426 16 
269 427 16 
270 427 16 
271 427 16 
272 427 16 
273 427 16 
274 427 16 
275 427 16 
276 427 16 
V
Segmentation 0
185 230 17 
186 229 17 
187 229 17 
188 229 17 
189 229 17 
190 229 17 
191 228 17 
192 227 17 
193 226 17 
192 225 17 
192 224 17 
192 223 17 
192 222 17 
191 221 17 
191 220 17 
192 219 17 
193 219 17 
194 219 17 
195 219 17 
196 219 17 
197 219 17 
198 219 17 
199 220 17 
200 220 17 
201 220 17 
202 221 17 
203 221 17 
204 221 17 
205 220 17 
206 219 17 
207 219 17 
208 218 17 
208 217 17 
208 216 17 
208 215 17 
207 214 17 
207 213 17 
206 212 17 
206 211 17 
205 210 17 
204 210 17 
203 211 17 
202 211 17 
201 211 17 
200 212 17 
199 212 17 
198 211 17 
197 210 17 
197 209 17 
197 208 17 
197 207 17 
198 206 17 
197 205 17 
196 204 17 
195 203 17 
194 203 17 
193 202 17 
192 202 17 
191 202 17 
190 203 17 
189 204 17 
188 205 17 
188 206 17 
188 207 17 
188 208 17 
188 209 17 
188 210 17 
187 210 17 
186 211 17 
185 212 17 
184 212 17 
183 213 17 
183 214 17 
183 215 17 
183 216 17 
184 217 17 
184 218 17 
184 219 17 
183 220 17 
182 221 17 
182 222 17 
182 223 17 
182 224 17 
182 225 17 
182 226 17 
182 227 17 
183 228 17 
184 229 17 
185 230 17 
V
Segmentation 1
251 230 17 
252 229 17 
253 229 17 
254 228 17 
254 227 17 
254 226 17 
254 225 17 
255 224 17 
256 224 17 
257 223 17 
258 223 17 
259 224 17 
260 224 17 
261 223 17 
262 222 17 
263 221 17 
264 220 17 
265 220 17 
266 221 17 
267 221 17 
268 221 17 
269 220 17 
270 220 17 
271 219 17 
271 218 17 
271 217 17 
271 216 17 
271 215 17 
271 214 17 
271 213 17 
271 212 17 
270 211 17 
269 211 17 
268 210 17 
268 209 17 
268 208 17 
268 207 17 
268 206 17 
268 205 17 
268 204 17 
267 203 17 
266 203 17 
265 203 17 
264 202 17 
263 202 17 
262 202 17 
261 203 17 
260 204 17 
259 205 17 
258 206 17 
257 205 17 
256 205 17 
255 205 17 
254 206 17 
253 207 17 
253 208 17 
252 209 17 
252 210 17 
252 211 17 
251 211 17 
250 211 17 
249 212 17 
248 212 17 
247 212 17 
246 213 17 
245 213 17 
244 214 17 
245 215 17 
245 216 17 
246 217 17 
246 218 17 
247 219 17 
248 220 17 
249 221 17 
249 222 17 
249 223 17 
248 224 17 
247 224 17 
246 225 17 
245 226 17 
245 227 17 
244 228 17 
245 229 17 
246 229 17 
247 228 17 
247 229 17 
248 230 17 
249 230 17 
250 230 17 
251 230 17 
V
Segmentation 2
313 363 17 
314 362 17 
315 361 17 
316 360 17 
317 360 17 
318 360 17 
319 359 17 
320 358 17 
321 358 17 
322 358 17 
323 358 17 
324 357 17 
325 356 17 
326 355 17 
326 354 17 
325 353 17 
325 352 17 
324 351 17 
324 350 17 
324 349 17 
324 348 17 
323 347 17 
322 347 17 
321 347 17 
320 347 17 
319 347 17 
319 346 17 
319 345 17 
319 344 17 
318 343 17 
317 342 17 
318 341 17 
319 340 17 
318 339 17 
317 339 17 
316 339 17 
316 338 17 
315 337 17 
315 336 17 
314 335 17 
313 335 17 
312 336 17 
311 336 17 
310 337 17 
309 337 17 
308 338 17 
308 339 17 
309 340 17 
309 341 17 
310 342 17 
310 343 17 
311 344 17 
311 345 17 
311 346 17 
310 347 17 
309 347 17 
308 347 17 
307 346 17 
306 346 17 
305 346 17 
304 346 17 
303 345 17 
302 346 17 
301 346 17 
300 347 17 
299 348 17 
299 349 17 
299 350 17 
299 351 17 
299 352 17 
300 353 17 
301 353 17 
302 354 17 
303 355 17 
304 356 17 
305 356 17 
306 356 17 
307 356 17 
308 356 17 
308 357 17 
308 358 17 
309 359 17 
309 360 17 
310 361 17 
310 362 17 
311 363 17 
312 363 17 
313 363 17 
V
Segmentation 3
153 372 17 
154 371 17 
155 371 17 
156 370 17 
157 370 17 
158 369 17 
159 369 17 
160 370 17 
161 371 17 
162 371 17 
163 370 17 
164 370 17 
165 370 17 
166 369 17 
167 369 17 
168 369 17 
169 368 17 
169 367 17 
168 366 17 
168 365 17 
168 364 17 
168 363 17 
168 362 17 
168 361 17 
167 360 17 
167 359 17 
167 358 17 
167 357 17 
167 356 17 
167 355 17 
166 354 17 
165 354 17 
164 354 17 
163 354 17 
162 354 17 
161 353 17 
160 353 17 
159 353 17 
158 354 17 
157 354 17 
156 354 17 
155 354 17 
154 354 17 
153 354 17 
152 354 17 
151 354 17 
150 354 17 
149 355 17 
149 356 17 
149 357 17 
149 358 17 
150 359 17 
150 360 17 
150 361 17 
150 362 17 
150 363 17 
149 363 17 
148 364 17 
148 365 17 
149 366 17 
149 367 17 
149 368 17 
148 369 17 
149 370 17 
150 371 17 
151 371 17 
152 372 17 
153 372 17 
V
Segmentation 4
169 387 17 
170 386 17 
171 386 17 
172 385 17 
173 385 17 
174 384 17 
175 383 17 
175 382 17 
175 381 17 
174 380 17 
174 379 17 
173 378 17 
173 377 17 
172 376 17 
171 375 17 
170 376 17 
169 376 17 
168 376 17 
167 377 17 
166 377 17 
165 378 17 
165 379 17 
165 380 17 
165 381 17 
165 382 17 
165 383 17 
165 384 17 
166 385 17 
167 386 17 
168 386 17 
169 387 17 
V
Segmentation 5
207 435 17 
208 434 17 
208 433 17 
207 432 17 
207 431 17 
207 430 17 
207 429 17 
207 428 17 
207 427 17 
208 426 17 
208 425 17 
209 424 17 
209 423 17 
209 422 17 
209 421 17 
208 420 17 
207 420 17 
207 419 17 
207 418 17 
207 417 17 
206 416 17 
205 415 17 
206 414 17 
206 413 17 
206 412 17 
206 411 17 
206 410 17 
206 409 17 
207 408 17 
207 407 17 
207 406 17 
207 405 17 
207 404 17 
206 403 17 
206 402 17 
205 401 17 
204 400 17 
203 401 17 
202 402 17 
201 402 17 
200 402 17 
199 403 17 
198 404 17 
198 405 17 
198 406 17 
199 407 17 
199 408 17 
199 409 17 
199 410 17 
199 411 17 
198 412 17 
197 412 17 
196 412 17 
195 412 17 
194 411 17 
193 411 17 
192 410 17 
191 409 17 
191 408 17 
191 407 17 
190 406 17 
189 405 17 
188 404 17 
188 403 17 
187 402 17 
186 401 17 
185 400 17 
184 399 17 
183 399 17 
182 400 17 
181 401 17 
180 402 17 
180 403 17 
180 404 17 
181 405 17 
181 406 17 
181 407 17 
181 408 17 
181 409 17 
182 410 17 
183 410 17 
184 410 17 
185 410 17 
186 410 17 
187 411 17 
188 412 17 
188 413 17 
188 414 17 
188 415 17 
188 416 17 
188 417 17 
189 418 17 
189 419 17 
190 420 17 
191 421 17 
191 422 17 
191 423 17 
191 424 17 
191 425 17 
192 426 17 
193 426 17 
194 425 17 
195 425 17 
196 425 17 
196 426 17 
197 427 17 
198 428 17 
198 429 17 
198 430 17 
198 431 17 
198 432 17 
198 433 17 
199 434 17 
200 435 17 
201 435 17 
202 435 17 
203 435 17 
204 435 17 
205 435 17 
206 435 17 
207 435 17 
V
Segmentation 6
275 427 17 
276 426 17 
277 425 17 
278 424 17 
278 423 17 
279 422 17 
279 421 17 
278 420 17 
278 419 17 
279 418 17 
280 418 17 
281 418 17 
282 417 17 
283 416 17 
283 415 17 
283 414 17 
283 413 17 
283 412 17 
283 411 17 
283 410 17 
284 410 17 
285 410 17 
286 410 17 
287 409 17 
287 408 17 
287 407 17 
287 406 17 
288 405 17 
288 404 17 
288 403 17 
287 402 17 
286 402 17 
285 402 17 
285 401 17 
284 400 17 
283 401 17 
282 402 17 
281 403 17 
281 404 17 
281 405 17 
280 406 17 
280 407 17 
279 408 17 
279 409 17 
278 410 17 
277 410 17 
276 411 17 
275 411 17 
274 411 17 
274 410 17 
273 409 17 
274 408 17 
274 407 17 
274 406 17 
274 405 17 
274 404 17 
273 403 17 
272 403 17 
271 402 17 
270 402 17 
269 401 17 
268 401 17 
267 402 17 
266 403 17 
265 403 17 
264 404 17 
264 405 17 
264 406 17 
264 407 17 
264 408 17 
264 409 17 
263 409 17 
262 409 17 
261 410 17 
260 410 17 
259 411 17 
259 412 17 
259 413 17 
259 414 17 
259 415 17 
259 416 17 
259 417 17 
260 418 17 
261 418 17 
262 419 17 
263 419 17 
264 420 17 
265 420 17 
266 419 17 
267 418 17 
267 419 17 
268 420 17 
269 421 17 
269 422 17 
269 423 17 
269 424 17 
268 425 17 
269 426 17 
270 426 17 
271 427 17 
272 427 17 
273 427 17 
274 427 17 
275 427 17 
V
Segmentation 0
152 212 18 
153 211 18 
154 211 18 
155 210 18 
156 209 18 
157 208 18 
158 207 18 
158 206 18 
158 205 18 
158 204 18 
159 203 18 
159 202 18 
160 201 18 
160 200 18 
161 199 18 
161 198 18 
161 197 18 
161 196 18 
161 195 18 
160 194 18 
159 194 18 
158 193 18 
157 194 18 
156 194 18 
155 195 18 
154 196 18 
153 196 18 
152 197 18 
152 198 18 
152 199 18 
152 200 18 
152 201 18 
151 202 18 
150 203 18 
149 204 18 
148 205 18 
148 206 18 
149 207 18 
149 208 18 
148 209 18 
148 210 18 
149 211 18 
150 212 18 
151 212 18 
152 212 18 
V
Segmentation 1
267 227 18 
268 226 18 
268 225 18 
268 224 18 
269 223 18 
269 222 18 
269 221 18 
269 220 18 
270 220 18 
271 220 18 
272 219 18 
272 218 18 
272 217 18 
273 216 18 
273 215 18 
273 214 18 
273 213 18 
274 212 18 
275 212 18 
276 212 18 
277 212 18 
278 211 18 
279 210 18 
279 209 18 
279 208 18 
280 207 18 
280 206 18 
280 205 18 
280 204 18 
280 203 18 
279 202 18 
278 201 18 
277 200 18 
276 200 18 
275 201 18 
276 202 18 
277 203 18 
276 203 18 
275 203 18 
274 203 18 
273 203 18 
272 203 18 
271 203 18 
270 203 18 
269 203 18 
268 203 18 
267 203 18 
266 203 18 
266 202 18 
265 201 18 
264 201 18 
263 202 18 
263 201 18 
263 200 18 
263 199 18 
263 198 18 
263 197 18 
262 196 18 
261 195 18 
260 195 18 
259 195 18 
258 195 18 
257 196 18 
256 196 18 
255 197 18 
255 198 18 
254 199 18 
254 200 18 
254 201 18 
254 202 18 
254 203 18 
253 203 18 
252 203 18 
251 203 18 
250 203 18 
249 203 18 
248 203 18 
247 203 18 
246 204 18 
245 205 18 
245 206 18 
245 207 18 
245 208 18 
245 209 18 
246 210 18 
247 211 18 
248 212 18 
249 213 18 
250 214 18 
251 213 18 
252 212 18 
253 212 18 
254 212 18 
255 212 18 
256 212 18 
255 212 18 
254 213 18 
254 214 18 
255 215 18 
256 215 18 
257 215 18 
258 216 18 
258 217 18 
258 218 18 
258 219 18 
258 220 18 
258 221 18 
258 222 18 
259 223 18 
260 224 18 
261 224 18 
262 225 18 
263 226 18 
264 226 18 
265 226 18 
266 227 18 
267 227 18 
V
Segmentation 2
182 238 18 
183 237 18 
183 236 18 
183 235 18 
183 234 18 
183 233 18 
183 232 18 
184 231 18 
185 231 18 
186 231 18 
187 230 18 
188 229 18 
188 228 18 
188 227 18 
188 226 18 
188 225 18 
188 224 18 
188 223 18 
189 222 18 
189 221 18 
189 220 18 
190 219 18 
191 220 18 
192 219 18 
193 218 18 
193 217 18 
193 216 18 
194 216 18 
195 216 18 
196 216 18 
197 215 18 
197 214 18 
198 213 18 
198 212 18 
198 211 18 
197 210 18 
197 209 18 
196 208 18 
196 207 18 
196 206 18 
195 205 18 
194 205 18 
193 204 18 
192 204 18 
191 205 18 
190 205 18 
189 205 18 
188 205 18 
187 204 18 
186 204 18 
185 203 18 
184 203 18 
183 203 18 
182 204 18 
181 204 18 
180 205 18 
180 206 18 
180 207 18 
180 208 18 
180 209 18 
180 210 18 
180 211 18 
179 211 18 
178 212 18 
177 212 18 
176 213 18 
176 214 18 
176 215 18 
176 216 18 
176 217 18 
176 218 18 
176 219 18 
176 220 18 
176 221 18 
177 222 18 
178 223 18 
179 222 18 
179 223 18 
179 224 18 
179 225 18 
179 226 18 
178 226 18 
177 227 18 
176 227 18 
175 227 18 
174 228 18 
174 229 18 
175 230 18 
175 231 18 
175 232 18 
174 233 18 
174 234 18 
174 235 18 
175 236 18 
176 236 18 
177 236 18 
178 236 18 
179 236 18 
180 236 18 
181 237 18 
182 238 18 
V
Segmentation 3
187 406 18 
188 405 18 
189 405 18 
190 405 18 
191 404 18 
192 403 18 
192 402 18 
191 401 18 
190 400 18 
190 399 18 
189 398 18 
189 397 18 
188 396 18 
187 395 18 
186 394 18 
186 393 18 
186 392 18 
186 391 18 
187 390 18 
187 389 18 
186 388 18 
186 387 18 
186 386 18 
187 385 18 
187 384 18 
187 383 18 
188 382 18 
189 381 18 
190 380 18 
190 379 18 
189 378 18 
188 378 18 
187 378 18 
186 377 18 
185 376 18 
184 376 18 
184 375 18 
184 374 18 
183 373 18 
182 373 18 
181 373 18 
180 372 18 
179 372 18 
178 372 18 
177 371 18 
176 370 18 
175 370 18 
174 369 18 
174 368 18 
174 367 18 
173 366 18 
173 365 18 
173 364 18 
173 363 18 
173 362 18 
173 361 18 
173 360 18 
173 359 18 
173 358 18 
173 357 18 
173 356 18 
173 355 18 
173 354 18 
173 353 18 
173 352 18 
174 351 18 
174 350 18 
174 349 18 
175 348 18 
174 347 18 
173 347 18 
172 346 18 
171 346 18 
170 346 18 
169 346 18 
168 345 18 
167 345 18 
166 346 18 
165 347 18 
165 348 18 
165 349 18 
165 350 18 
166 351 18 
166 352 18 
166 353 18 
166 354 18 
166 355 18 
165 355 18 
164 355 18 
163 355 18 
162 355 18 
161 355 18 
160 356 18 
160 357 18 
160 358 18 
159 359 18 
159 360 18 
159 361 18 
159 362 18 
160 363 18 
161 363 18 
162 364 18 
163 364 18 
164 365 18 
165 365 18 
165 366 18 
165 367 18 
165 368 18 
165 369 18 
166 370 18 
167 371 18 
168 372 18 
168 373 18 
167 374 18 
167 375 18 
168 376 18 
168 377 18 
167 378 18 
166 378 18 
165 378 18 
164 379 18 
164 380 18 
164 381 18 
164 382 18 
164 383 18 
164 384 18 
164 385 18 
164 386 18 
165 387 18 
166 387 18 
167 387 18 
168 388 18 
169 388 18 
170 387 18 
171 387 18 
172 386 18 
173 386 18 
174 387 18 
174 388 18 
174 389 18 
174 390 18 
175 391 18 
175 392 18 
176 393 18 
175 394 18 
174 395 18 
174 396 18 
174 397 18 
174 398 18 
174 399 18 
174 400 18 
174 401 18 
174 402 18 
175 403 18 
176 403 18 
177 404 18 
178 404 18 
179 404 18 
180 404 18 
181 404 18 
182 405 18 
183 405 18 
184 406 18 
185 406 18 
186 406 18 
187 406 18 
V
Segmentation 4
296 373 18 
297 372 18 
297 371 18 
298 370 18 
298 369 18 
298 368 18 
298 367 18 
298 366 18 
299 365 18 
300 365 18 
301 365 18 
302 365 18 
303 364 18 
303 363 18 
303 362 18 
303 361 18 
303 360 18 
302 359 18 
302 358 18 
302 357 18 
301 356 18 
300 356 18 
299 355 18 
298 355 18 
297 355 18 
296 356 18 
295 357 18 
294 357 18 
293 357 18 
292 358 18 
292 359 18 
292 360 18 
292 361 18 
292 362 18 
292 363 18 
292 364 18 
292 365 18 
292 366 18 
292 367 18 
291 368 18 
291 369 18 
290 370 18 
290 371 18 
291 372 18 
292 372 18 
293 372 18 
294 372 18 
295 373 18 
296 373 18 
V
Segmentation 5
155 372 18 
156 371 18 
157 371 18 
158 370 18 
158 369 18 
158 368 18 
158 367 18 
158 366 18 
158 365 18 
158 364 18 
157 363 18 
156 363 18 
155 363 18 
154 363 18 
153 363 18 
152 364 18 
151 364 18 
150 365 18 
150 366 18 
149 367 18 
149 368 18 
149 369 18 
150 370 18 
151 371 18 
152 372 18 
153 372 18 
154 372 18 
155 372 18 
V
Segmentation 6
288 390 18 
289 389 18 
290 388 18 
290 387 18 
291 386 18 
292 385 18 
293 384 18 
293 383 18 
292 382 18 
291 382 18 
290 381 18 
289 380 18 
288 379 18 
287 378 18 
286 379 18 
285 380 18 
284 379 18 
283 378 18 
282 377 18 
281 376 18 
280 376 18 
279 376 18 
278 377 18 
278 378 18 
277 378 18 
276 378 18 
275 378 18 
274 379 18 
274 380 18 
274 381 18 
274 382 18 
275 383 18 
276 383 18 
277 384 18 
277 385 18 
277 386 18 
277 387 18 
278 388 18 
279 388 18 
280 387 18 
281 386 18 
282 387 18 
283 388 18 
284 388 18 
285 389 18 
286 390 18 
287 390 18 
288 390 18 
V
Segmentation 0
293 205 19 
294 204 19 
295 203 19 
295 202 19 
294 201 19 
294 200 19 
294 199 19 
294 198 19 
294 197 19 
294 196 19 
293 195 19 
292 194 19 
292 193 19 
292 192 19 
292 191 19 
292 190 19 
292 189 19 
292 188 19 
292 187 19 
291 186 19 
290 186 19 
289 186 19 
288 186 19 
287 186 19 
286 186 19 
285 187 19 
284 188 19 
283 189 19 
282 190 19 
283 191 19 
283 192 19 
283 193 19 
283 194 19 
284 195 19 
284 196 19 
283 196 19 
282 196 19 
281 196 19 
280 196 19 
279 197 19 
278 197 19 
277 198 19 
277 199 19 
276 200 19 
276 201 19 
276 202 19 
276 203 19 
277 204 19 
278 204 19 
279 204 19 
280 205 19 
281 205 19 
282 205 19 
283 205 19 
284 205 19 
285 204 19 
286 205 19 
287 205 19 
288 204 19 
289 204 19 
290 204 19 
291 205 19 
292 205 19 
293 205 19 
V
Segmentation 1
260 232 19 
261 231 19 
262 231 19 
263 231 19 
264 231 19 
265 231 19 
266 231 19 
267 230 19 
267 229 19 
268 228 19 
268 227 19 
268 226 19 
268 225 19 
269 224 19 
269 223 19 
269 222 19 
270 221 19 
271 220 19 
271 219 19 
271 218 19 
271 217 19 
271 216 19 
271 215 19 
272 215 19 
273 214 19 
274 213 19 
275 213 19 
276 212 19 
277 211 19 
277 210 19 
277 209 19 
276 208 19 
276 207 19 
276 206 19 
276 205 19 
275 204 19 
274 204 19 
273 204 19 
272 204 19 
271 204 19 
271 203 19 
270 202 19 
270 201 19 
269 200 19 
269 199 19 
269 198 19 
268 197 19 
267 196 19 
266 196 19 
265 197 19 
264 197 19 
263 197 19 
262 197 19 
261 196 19 
260 195 19 
259 195 19 
258 196 19 
257 196 19 
256 196 19 
255 197 19 
254 198 19 
254 199 19 
254 200 19 
254 201 19 
254 202 19 
254 203 19 
253 204 19 
252 205 19 
252 206 19 
252 207 19 
252 208 19 
252 209 19 
252 210 19 
252 211 19 
252 212 19 
253 213 19 
254 214 19 
255 214 19 
256 214 19 
257 215 19 
257 216 19 
257 217 19 
258 218 19 
258 219 19 
259 220 19 
259 221 19 
259 222 19 
259 223 19 
259 224 19 
258 225 19 
258 226 19 
258 227 19 
257 228 19 
258 229 19 
259 229 19 
259 230 19 
259 231 19 
260 232 19 
V
Segmentation 2
169 214 19 
170 213 19 
171 213 19 
172 212 19 
173 212 19 
174 211 19 
174 210 19 
174 209 19 
174 208 19 
173 207 19 
173 206 19 
172 205 19 
171 205 19 
170 204 19 
169 204 19 
168 204 19 
167 204 19 
166 205 19 
165 206 19 
165 207 19 
165 208 19 
165 209 19 
165 210 19 
165 211 19 
166 212 19 
167 212 19 
168 213 19 
169 214 19 
V
Segmentation 3
187 239 19 
188 238 19 
189 237 19 
190 236 19 
190 235 19 
190 234 19 
189 233 19 
189 232 19 
188 231 19 
188 230 19 
188 229 19 
188 228 19 
188 227 19 
189 226 19 
189 225 19 
189 224 19 
190 223 19 
190 222 19 
191 221 19 
192 221 19 
193 221 19 
194 221 19 
195 221 19 
196 221 19 
197 221 19 
198 221 19 
199 220 19 
199 219 19 
199 218 19 
199 217 19 
199 216 19 
200 215 19 
200 214 19 
199 213 19 
198 212 19 
197 212 19 
196 211 19 
195 211 19 
194 212 19 
193 212 19 
192 213 19 
191 213 19 
190 213 19 
189 212 19 
188 212 19 
187 212 19 
186 213 19 
185 213 19 
184 213 19 
183 212 19 
182 212 19 
181 211 19 
180 211 19 
179 211 19 
178 212 19 
177 212 19 
176 213 19 
176 214 19 
176 215 19 
176 216 19 
176 217 19 
176 218 19 
176 219 19 
177 220 19 
178 221 19 
179 222 19 
179 223 19 
179 224 19 
179 225 19 
179 226 19 
179 227 19 
179 228 19 
180 229 19 
181 230 19 
181 231 19 
181 232 19 
181 233 19 
181 234 19 
181 235 19 
181 236 19 
182 237 19 
183 238 19 
184 239 19 
185 239 19 
186 239 19 
187 239 19 
V
Segmentation 4
331 284 19 
332 283 19 
333 282 19 
333 281 19 
333 280 19 
333 279 19 
333 278 19 
332 277 19 
331 276 19 
331 275 19 
330 274 19 
329 274 19 
328 274 19 
327 274 19 
326 274 19 
325 274 19 
324 274 19 
323 274 19 
322 274 19 
321 274 19 
320 274 19 
319 274 19 
318 275 19 
317 275 19 
316 275 19 
315 276 19 
315 277 19 
315 278 19 
315 279 19 
316 280 19 
316 281 19 
316 282 19 
316 283 19 
317 284 19 
318 284 19 
319 284 19 
320 284 19 
321 284 19 
322 284 19 
323 284 19 
324 283 19 
325 283 19 
326 283 19 
327 283 19 
328 283 19 
329 283 19 
330 283 19 
331 284 19 
V
Segmentation 5
134 301 19 
135 300 19 
136 300 19 
137 300 19 
138 299 19 
138 298 19 
138 297 19 
138 296 19 
137 295 19 
137 294 19 
137 293 19 
137 292 19 
138 292 19 
139 291 19 
140 291 19 
141 291 19 
142 290 19 
142 289 19 
142 288 19 
142 287 19 
142 286 19 
141 285 19 
141 284 19 
142 284 19 
143 283 19 
144 283 19 
145 282 19 
145 281 19 
146 280 19 
146 279 19 
146 278 19 
145 277 19 
145 276 19 
144 275 19 
143 275 19 
142 275 19 
141 275 19 
140 275 19 
139 275 19 
138 275 19 
137 276 19 
136 277 19 
136 278 19 
136 279 19 
136 280 19 
137 281 19 
137 282 19 
136 282 19 
135 283 19 
134 284 19 
133 285 19 
132 285 19 
131 285 19 
130 284 19 
129 285 19 
128 285 19 
127 285 19 
126 285 19 
125 285 19 
124 284 19 
123 283 19 
122 282 19 
121 282 19 
120 282 19 
119 282 19 
118 283 19 
118 284 19 
117 284 19 
116 285 19 
116 286 19 
117 287 19 
117 288 19 
117 289 19 
118 290 19 
119 291 19 
119 292 19 
119 293 19 
118 294 19 
118 295 19 
118 296 19 
118 297 19 
117 298 19 
118 299 19 
119 300 19 
120 300 19 
121 300 19 
122 300 19 
123 301 19 
124 300 19 
125 300 19 
126 299 19 
127 298 19 
128 298 19 
129 299 19 
130 300 19 
131 301 19 
132 301 19 
133 301 19 
134 301 19 
V
Segmentation 6
279 386 19 
280 385 19 
280 384 19 
281 384 19 
282 385 19 
283 385 19 
284 385 19 
285 385 19 
286 385 19 
287 385 19 
288 385 19 
289 384 19 
290 383 19 
291 382 19 
292 382 19 
293 381 19 
294 380 19 
295 379 19 
296 378 19 
297 377 19 
298 376 19 
298 375 19 
297 374 19 
297 373 19 
297 372 19 
296 371 19 
295 371 19 
294 370 19 
293 369 19 
293 368 19 
293 367 19 
293 366 19 
293 365 19 
293 364 19 
293 363 19 
294 362 19 
294 361 19 
295 360 19 
295 359 19 
295 358 19 
295 357 19 
295 356 19 
295 355 19 
294 354 19 
293 353 19 
292 352 19 
292 351 19 
292 350 19 
292 349 19 
291 348 19 
292 347 19 
293 346 19 
294 345 19 
294 344 19 
294 343 19 
294 342 19 
294 341 19 
293 340 19 
293 339 19 
292 338 19 
291 337 19 
290 337 19 
289 337 19 
288 338 19 
287 338 19 
286 338 19 
285 338 19 
284 339 19 
284 340 19 
283 341 19 
283 342 19 
284 343 19 
284 344 19 
284 345 19 
284 346 19 
284 347 19 
284 348 19 
283 349 19 
283 350 19 
282 351 19 
282 352 19 
283 353 19 
283 354 19 
283 355 19 
284 356 19 
285 356 19 
286 356 19 
287 356 19 
287 357 19 
287 358 19 
288 359 19 
288 360 19 
287 361 19 
286 362 19 
286 363 19 
285 364 19 
284 363 19 
283 363 19 
282 362 19 
281 362 19 
280 362 19 
279 361 19 
278 361 19 
277 362 19 
277 363 19 
276 364 19 
275 365 19 
276 366 19 
276 367 19 
276 368 19 
276 369 19 
277 370 19 
278 371 19 
278 372 19 
279 373 19 
279 374 19 
280 375 19 
280 376 19 
280 377 19 
279 376 19 
278 377 19 
277 378 19 
276 379 19 
275 380 19 
275 381 19 
275 382 19 
276 383 19 
277 384 19 
278 385 19 
279 386 19 
V
Segmentation 7
189 395 19 
190 394 19 
191 394 19 
192 393 19 
193 392 19 
193 391 19 
193 390 19 
193 389 19 
193 388 19 
192 387 19 
191 386 19 
192 385 19 
193 385 19 
194 385 19 
195 384 19 
195 383 19 
195 382 19 
195 381 19 
195 380 19 
195 379 19 
194 378 19 
193 377 19 
192 377 19 
191 376 19 
191 375 19 
191 374 19 
191 373 19 
191 372 19 
192 372 19 
193 371 19 
194 370 19 
195 370 19 
196 369 19 
196 368 19 
196 367 19 
196 366 19 
196 365 19 
196 364 19 
197 363 19 
198 362 19 
198 361 19 
197 360 19 
196 360 19 
195 360 19 
194 361 19 
193 361 19 
192 362 19 
191 362 19 
190 363 19 
189 364 19 
188 365 19 
188 366 19 
188 367 19 
188 368 19 
188 369 19 
187 369 19 
186 369 19 
185 369 19 
184 369 19 
183 369 19 
182 370 19 
182 369 19 
181 368 19 
180 367 19 
180 366 19 
179 365 19 
180 364 19 
181 364 19 
182 363 19 
183 362 19 
183 361 19 
183 360 19 
182 359 19 
181 358 19 
181 357 19 
181 356 19 
180 355 19 
180 354 19 
179 353 19 
178 353 19 
177 354 19 
176 353 19 
175 353 19 
174 353 19 
173 353 19 
172 354 19 
171 355 19 
170 355 19 
169 356 19 
169 357 19 
169 358 19 
169 359 19 
169 360 19 
169 361 19 
168 362 19 
167 362 19 
166 363 19 
165 363 19 
164 364 19 
163 363 19 
162 363 19 
161 362 19 
161 361 19 
161 360 19 
161 359 19 
161 358 19 
161 357 19 
161 356 19 
160 355 19 
159 355 19 
158 354 19 
157 354 19 
156 354 19 
155 354 19 
154 355 19 
153 355 19 
152 355 19 
151 354 19 
150 353 19 
149 352 19 
148 352 19 
147 353 19 
146 353 19 
145 354 19 
144 354 19 
143 354 19 
142 353 19 
141 353 19 
140 352 19 
139 352 19 
138 353 19 
137 353 19 
136 354 19 
135 355 19 
134 356 19 
135 357 19 
135 358 19 
135 359 19 
135 360 19 
134 361 19 
133 362 19 
132 363 19 
132 364 19 
132 365 19 
133 366 19 
133 367 19 
134 368 19 
135 369 19 
136 370 19 
137 370 19 
138 369 19 
139 369 19 
140 369 19 
141 369 19 
142 370 19 
143 370 19 
144 370 19 
145 371 19 
146 370 19 
147 369 19 
148 369 19 
149 369 19 
149 370 19 
150 371 19 
151 372 19 
150 373 19 
150 374 19 
150 375 19 
151 376 19 
151 377 19 
152 378 19 
153 378 19 
154 379 19 
155 379 19 
156 378 19 
156 377 19 
157 376 19 
157 375 19 
158 374 19 
159 373 19 
160 373 19 
161 373 19 
162 373 19 
163 373 19 
163 374 19 
163 375 19 
163 376 19 
164 377 19 
164 378 19 
164 379 19 
165 380 19 
166 381 19 
166 382 19 
166 383 19 
167 384 19 
168 385 19 
168 386 19 
169 387 19 
170 388 19 
171 388 19 
172 389 19 
173 389 19 
174 389 19 
174 390 19 
173 391 19 
173 392 19 
173 393 19 
174 394 19 
175 394 19 
176 395 19 
177 395 19 
178 395 19 
179 395 19 
180 395 19 
181 395 19 
182 394 19 
183 394 19 
184 393 19 
185 394 19 
186 394 19 
187 394 19 
188 395 19 
189 395 19 
V
Segmentation 0
264 244 20 
265 243 20 
266 242 20 
267 241 20 
267 240 20 
267 239 20 
267 238 20 
267 237 20 
266 236 20 
265 235 20 
265 234 20 
265 233 20 
265 232 20 
266 231 20 
267 230 20 
268 229 20 
268 228 20 
268 227 20 
268 226 20 
268 225 20 
268 224 20 
268 223 20 
268 222 20 
269 222 20 
270 221 20 
271 221 20 
272 221 20 
273 220 20 
274 219 20 
273 218 20 
273 217 20 
272 216 20 
273 215 20 
272 214 20 
272 213 20 
272 212 20 
271 211 20 
270 211 20 
269 210 20 
268 210 20 
268 209 20 
268 208 20 
267 207 20 
267 206 20 
267 205 20 
266 204 20 
265 204 20 
265 203 20 
264 202 20 
263 202 20 
262 203 20 
261 203 20 
260 204 20 
259 205 20 
259 206 20 
259 207 20 
259 208 20 
258 209 20 
258 210 20 
258 211 20 
258 212 20 
257 212 20 
256 211 20 
255 211 20 
254 211 20 
253 210 20 
252 210 20 
251 210 20 
250 211 20 
249 211 20 
248 212 20 
247 212 20 
246 213 20 
246 214 20 
246 215 20 
246 216 20 
246 217 20 
247 218 20 
248 218 20 
249 219 20 
250 220 20 
251 220 20 
251 221 20 
251 222 20 
251 223 20 
251 224 20 
250 225 20 
251 226 20 
252 226 20 
253 226 20 
254 227 20 
255 228 20 
256 228 20 
257 229 20 
258 230 20 
258 231 20 
259 232 20 
258 233 20 
258 234 20 
258 235 20 
258 236 20 
257 237 20 
257 238 20 
257 239 20 
257 240 20 
257 241 20 
258 242 20 
259 243 20 
260 244 20 
261 244 20 
262 244 20 
263 244 20 
264 244 20 
V
Segmentation 1
157 238 20 
158 237 20 
159 237 20 
160 236 20 
161 235 20 
162 235 20 
163 235 20 
164 235 20 
165 234 20 
166 233 20 
166 232 20 
167 231 20 
167 230 20 
167 229 20 
168 228 20 
169 228 20 
170 228 20 
171 227 20 
171 226 20 
171 225 20 
171 224 20 
171 223 20 
171 222 20 
171 221 20 
171 220 20 
170 219 20 
169 219 20 
168 218 20 
167 218 20 
166 217 20 
165 218 20 
164 219 20 
163 219 20 
162 219 20 
161 218 20 
160 218 20 
159 218 20 
158 218 20 
157 219 20 
156 220 20 
155 220 20 
154 221 20 
155 222 20 
155 223 20 
155 224 20 
156 225 20 
156 226 20 
156 227 20 
156 228 20 
156 229 20 
155 229 20 
154 229 20 
153 229 20 
152 230 20 
152 231 20 
152 232 20 
151 233 20 
151 234 20 
151 235 20 
151 236 20 
152 237 20 
153 237 20 
154 238 20 
155 238 20 
156 238 20 
157 238 20 
V
Segmentation 2
189 253 20 
190 252 20 
191 252 20 
192 251 20 
192 250 20 
192 249 20 
192 248 20 
192 247 20 
192 246 20 
191 245 20 
191 244 20 
191 243 20 
191 242 20 
191 241 20 
191 240 20 
191 239 20 
192 238 20 
191 237 20 
191 236 20 
191 235 20 
191 234 20 
191 233 20 
191 232 20 
191 231 20 
191 230 20 
191 229 20 
192 228 20 
193 228 20 
194 227 20 
195 227 20 
196 226 20 
196 225 20 
196 224 20 
197 223 20 
197 222 20 
197 221 20 
196 220 20 
195 220 20 
194 219 20 
193 219 20 
192 218 20 
191 218 20 
190 218 20 
189 219 20 
188 219 20 
187 220 20 
186 220 20 
185 219 20 
184 219 20 
183 219 20 
182 219 20 
181 220 20 
180 220 20 
179 220 20 
178 221 20 
178 222 20 
178 223 20 
178 224 20 
178 225 20 
178 226 20 
178 227 20 
177 227 20 
176 228 20 
175 228 20 
174 229 20 
174 230 20 
174 231 20 
174 232 20 
174 233 20 
174 234 20 
174 235 20 
174 236 20 
175 237 20 
176 237 20 
177 237 20 
178 238 20 
179 238 20 
180 239 20 
180 240 20 
180 241 20 
180 242 20 
180 243 20 
179 243 20 
178 244 20 
177 245 20 
176 246 20 
176 247 20 
176 248 20 
176 249 20 
176 250 20 
176 251 20 
177 252 20 
178 253 20 
179 253 20 
180 253 20 
181 253 20 
182 252 20 
183 252 20 
184 251 20 
185 251 20 
186 252 20 
187 252 20 
188 253 20 
189 253 20 
V
Segmentation 3
327 247 20 
328 246 20 
329 246 20 
330 246 20 
331 246 20 
332 245 20 
333 244 20 
334 243 20 
334 242 20 
333 241 20 
333 240 20 
333 239 20 
333 238 20 
334 237 20 
335 236 20 
335 235 20 
335 234 20 
334 233 20 
334 232 20 
334 231 20 
334 230 20 
333 229 20 
332 228 20 
331 228 20 
330 228 20 
329 227 20 
328 228 20 
327 229 20 
327 230 20 
327 231 20 
326 232 20 
326 233 20 
326 234 20 
325 235 20 
325 236 20 
324 237 20 
324 238 20 
324 239 20 
324 240 20 
323 241 20 
323 242 20 
323 243 20 
323 244 20 
324 245 20 
325 245 20 
326 246 20 
327 247 20 
V
Segmentation 4
129 253 20 
130 252 20 
131 251 20 
131 250 20 
131 249 20 
131 248 20 
132 247 20 
132 246 20 
132 245 20 
131 244 20 
130 243 20 
129 243 20 
128 243 20 
127 242 20 
126 242 20 
125 243 20 
124 244 20 
123 245 20 
122 246 20 
123 247 20 
123 248 20 
123 249 20 
123 250 20 
124 251 20 
124 252 20 
125 253 20 
126 253 20 
127 253 20 
128 253 20 
129 253 20 
V
Segmentation 5
330 285 20 
331 284 20 
331 283 20 
332 282 20 
333 281 20 
334 280 20 
334 279 20 
334 278 20 
334 277 20 
333 276 20 
332 275 20 
331 275 20 
331 274 20 
331 273 20 
331 272 20 
331 271 20 
331 270 20 
330 269 20 
329 269 20 
328 269 20 
327 269 20 
326 269 20 
325 269 20 
324 269 20 
323 269 20 
322 269 20 
321 270 20 
320 269 20 
319 268 20 
318 267 20 
317 267 20 
316 267 20 
315 268 20 
314 268 20 
313 269 20 
313 270 20 
313 271 20 
313 272 20 
313 273 20 
312 274 20 
313 275 20 
313 276 20 
314 277 20 
315 277 20 
316 277 20 
317 278 20 
316 279 20 
316 280 20 
316 281 20 
317 282 20 
318 282 20 
319 282 20 
320 283 20 
321 283 20 
322 283 20 
323 283 20 
324 284 20 
325 284 20 
326 284 20 
327 285 20 
328 285 20 
329 285 20 
330 285 20 
V
Segmentation 6
140 284 20 
141 283 20 
142 282 20 
143 281 20 
144 280 20 
145 279 20 
145 278 20 
144 277 20 
143 276 20 
142 276 20 
142 275 20 
142 274 20 
141 273 20 
141 272 20 
141 271 20 
140 270 20 
140 269 20 
139 268 20 
138 268 20 
137 268 20 
136 268 20 
135 268 20 
134 269 20 
133 269 20 
132 270 20 
132 271 20 
132 272 20 
132 273 20 
132 274 20 
132 275 20 
133 276 20 
134 277 20 
135 277 20 
135 278 20 
134 279 20 
134 280 20 
135 281 20 
135 282 20 
136 283 20 
137 284 20 
138 284 20 
139 284 20 
140 284 20 
V
Segmentation 7
291 283 20 
292 282 20 
292 281 20 
293 280 20 
293 279 20 
293 278 20 
294 277 20 
294 276 20 
293 275 20 
292 274 20 
291 273 20 
290 273 20 
289 272 20 
288 272 20 
287 272 20 
286 273 20 
285 274 20 
285 275 20 
284 276 20 
284 277 20 
283 278 20 
283 279 20 
283 280 20 
284 281 20 
285 281 20 
286 280 20 
287 279 20 
288 280 20 
289 280 20 
290 281 20 
290 282 20 
291 283 20 
V
Segmentation 8
317 356 20 
318 355 20 
319 354 20 
320 353 20 
321 353 20 
322 353 20 
323 354 20 
324 355 20 
325 355 20 
326 355 20 
327 355 20 
328 354 20 
329 354 20 
330 353 20 
331 353 20 
332 352 20 
332 351 20 
332 350 20 
332 349 20 
331 348 20 
330 347 20 
329 346 20 
328 345 20 
328 344 20 
327 343 20 
327 342 20 
327 341 20 
328 340 20 
328 339 20 
327 338 20 
326 337 20 
325 337 20 
324 336 20 
323 336 20 
322 336 20 
321 337 20 
320 337 20 
319 338 20 
318 338 20 
317 338 20 
316 337 20 
315 337 20 
314 337 20 
313 337 20 
312 338 20 
311 338 20 
310 338 20 
309 338 20 
308 338 20 
307 338 20 
306 338 20 
305 338 20 
304 339 20 
303 340 20 
303 341 20 
303 342 20 
303 343 20 
303 344 20 
303 345 20 
303 346 20 
302 347 20 
301 348 20 
300 349 20 
300 350 20 
300 351 20 
300 352 20 
301 353 20 
301 354 20 
302 355 20 
303 355 20 
304 356 20 
305 356 20 
306 356 20 
307 356 20 
308 356 20 
309 356 20 
310 355 20 
311 355 20 
312 356 20 
313 356 20 
314 356 20 
315 356 20 
316 356 20 
317 356 20 
V
Segmentation 9
154 388 20 
155 387 20 
156 387 20 
157 386 20 
158 386 20 
159 385 20 
159 384 20 
159 383 20 
158 382 20 
158 381 20 
158 380 20 
158 379 20 
159 378 20 
160 377 20 
161 377 20 
162 377 20 
163 377 20 
164 376 20 
164 375 20 
164 374 20 
165 373 20 
165 372 20 
165 371 20 
165 370 20 
165 369 20 
165 368 20 
165 367 20 
165 366 20 
165 365 20 
165 364 20 
164 363 20 
163 362 20 
162 362 20 
161 362 20 
160 361 20 
159 362 20 
159 361 20 
158 360 20 
158 359 20 
157 358 20 
157 357 20 
158 356 20 
159 355 20 
159 354 20 
159 353 20 
158 352 20 
158 351 20 
157 350 20 
157 349 20 
156 348 20 
155 347 20 
154 348 20 
153 348 20 
152 348 20 
151 348 20 
150 349 20 
149 348 20 
149 347 20 
148 346 20 
147 345 20 
146 344 20 
146 343 20 
146 342 20 
147 341 20 
146 340 20 
145 339 20 
144 339 20 
143 338 20 
142 338 20 
141 337 20 
140 337 20 
139 337 20 
138 337 20 
137 338 20 
136 339 20 
136 340 20 
136 341 20 
136 342 20 
136 343 20 
137 344 20 
137 345 20 
136 346 20 
135 346 20 
134 347 20 
133 347 20 
132 348 20 
132 349 20 
132 350 20 
132 351 20 
132 352 20 
132 353 20 
131 354 20 
131 355 20 
132 356 20 
133 356 20 
134 356 20 
135 356 20 
135 357 20 
135 358 20 
135 359 20 
135 360 20 
135 361 20 
134 362 20 
134 363 20 
134 364 20 
134 365 20 
135 366 20 
136 366 20 
137 366 20 
138 366 20 
138 367 20 
139 368 20 
140 367 20 
141 366 20 
142 365 20 
142 364 20 
143 363 20 
144 363 20 
145 364 20 
146 365 20 
147 365 20 
148 366 20 
149 366 20 
149 367 20 
150 368 20 
151 369 20 
152 370 20 
153 370 20 
154 371 20 
155 372 20 
154 373 20 
153 374 20 
153 375 20 
154 376 20 
155 377 20 
154 378 20 
153 378 20 
152 378 20 
151 379 20 
150 380 20 
150 381 20 
150 382 20 
150 383 20 
149 384 20 
149 385 20 
150 386 20 
151 387 20 
152 388 20 
153 388 20 
154 388 20 
V
Segmentation 10
278 377 20 
279 376 20 
279 375 20 
280 374 20 
281 374 20 
282 373 20 
283 372 20 
284 372 20 
285 372 20 
286 373 20 
287 373 20 
288 372 20 
289 371 20 
289 370 20 
290 369 20 
291 368 20 
291 367 20 
291 366 20 
291 365 20 
290 364 20 
289 364 20 
288 363 20 
287 362 20 
286 362 20 
286 361 20 
286 360 20 
286 359 20 
286 358 20 
286 357 20 
287 356 20 
287 355 20 
287 354 20 
287 353 20 
286 352 20 
287 351 20 
287 350 20 
287 349 20 
287 348 20 
287 347 20 
288 346 20 
288 345 20 
288 344 20 
287 343 20 
287 342 20 
286 341 20 
285 340 20 
284 339 20 
283 339 20 
282 339 20 
281 338 20 
280 339 20 
279 340 20 
279 341 20 
278 342 20 
277 343 20 
277 344 20 
277 345 20 
277 346 20 
277 347 20 
278 348 20 
278 349 20 
278 350 20 
277 351 20 
277 352 20 
277 353 20 
276 353 20 
275 353 20 
274 354 20 
273 354 20 
272 354 20 
271 354 20 
270 355 20 
270 356 20 
270 357 20 
270 358 20 
271 359 20 
271 360 20 
271 361 20 
271 362 20 
270 362 20 
269 362 20 
268 362 20 
267 363 20 
266 364 20 
267 365 20 
267 366 20 
266 367 20 
266 368 20 
266 369 20 
266 370 20 
267 371 20 
268 372 20 
269 372 20 
270 372 20 
271 371 20 
272 371 20 
273 371 20 
274 372 20 
274 373 20 
275 374 20 
276 375 20 
277 376 20 
278 377 20 
V
Segmentation 11
203 379 20 
204 378 20 
205 377 20 
206 377 20 
207 376 20 
207 375 20 
207 374 20 
207 373 20 
206 372 20 
205 371 20 
205 370 20 
205 369 20 
204 368 20 
203 368 20 
202 369 20 
201 370 20 
200 370 20 
199 371 20 
198 371 20 
197 371 20 
196 370 20 
196 369 20 
195 368 20 
194 367 20 
193 368 20 
192 368 20 
191 368 20 
190 369 20 
189 370 20 
189 371 20 
190 372 20 
190 373 20 
190 374 20 
190 375 20 
191 376 20 
192 377 20 
193 378 20 
194 378 20 
195 378 20 
196 378 20 
197 378 20 
198 378 20 
199 378 20 
200 378 20 
201 379 20 
202 379 20 
203 379 20 
V
Segmentation 0
280 214 21 
281 213 21 
282 212 21 
282 211 21 
282 210 21 
282 209 21 
281 208 21 
280 207 21 
279 207 21 
278 206 21 
277 206 21 
276 207 21 
275 208 21 
275 209 21 
275 210 21 
275 211 21 
275 212 21 
276 213 21 
277 213 21 
278 214 21 
279 214 21 
280 214 21 
V
Segmentation 1
293 237 21 
294 236 21 
295 235 21 
296 234 21 
297 234 21 
298 233 21 
299 232 21 
299 231 21 
299 230 21 
299 229 21 
299 228 21 
299 227 21 
299 226 21 
299 225 21 
299 224 21 
299 223 21 
300 222 21 
300 221 21 
299 220 21 
298 219 21 
297 219 21 
296 218 21 
295 218 21 
294 218 21 
293 218 21 
292 219 21 
291 220 21 
290 220 21 
289 219 21 
288 219 21 
287 218 21 
286 218 21 
285 218 21 
284 218 21 
283 219 21 
284 220 21 
285 221 21 
286 222 21 
286 223 21 
286 224 21 
286 225 21 
287 226 21 
288 226 21 
289 226 21 
290 226 21 
289 227 21 
289 228 21 
289 229 21 
289 230 21 
289 231 21 
290 232 21 
291 233 21 
291 234 21 
291 235 21 
292 236 21 
293 237 21 
V
Segmentation 2
192 332 21 
193 331 21 
194 330 21 
194 329 21 
195 328 21 
194 327 21 
193 326 21 
193 325 21 
193 324 21 
193 323 21 
193 322 21 
193 321 21 
193 320 21 
193 319 21 
193 318 21 
193 317 21 
194 316 21 
194 315 21 
194 314 21 
194 313 21 
194 312 21 
194 311 21 
193 310 21 
193 309 21 
193 308 21 
193 307 21 
193 306 21 
193 305 21 
193 304 21 
193 303 21 
193 302 21 
193 301 21 
193 300 21 
193 299 21 
193 298 21 
193 297 21 
193 296 21 
193 295 21 
193 294 21 
193 293 21 
194 294 21 
195 294 21 
196 293 21 
196 292 21 
196 291 21 
196 290 21 
196 289 21 
195 288 21 
194 288 21 
194 287 21 
193 286 21 
193 285 21 
193 284 21 
193 283 21 
193 282 21 
193 281 21 
193 280 21 
193 279 21 
194 278 21 
194 277 21 
194 276 21 
194 275 21 
194 274 21 
195 273 21 
195 272 21 
195 271 21 
196 270 21 
196 269 21 
196 268 21 
196 267 21 
195 266 21 
194 265 21 
194 264 21 
193 263 21 
193 262 21 
193 261 21 
193 260 21 
194 259 21 
195 258 21 
196 258 21 
197 257 21 
197 256 21 
197 255 21 
197 254 21 
197 253 21 
196 252 21 
195 251 21 
194 251 21 
193 250 21 
193 249 21 
193 248 21 
194 247 21 
194 246 21 
194 245 21 
195 244 21 
196 243 21 
196 242 21 
196 241 21 
196 240 21 
196 239 21 
195 238 21 
194 237 21 
193 237 21 
192 236 21 
191 236 21 
190 235 21 
189 235 21 
188 234 21 
187 233 21 
186 232 21 
185 231 21 
184 231 21 
183 231 21 
182 232 21 
181 232 21 
180 233 21 
179 234 21 
179 235 21 
179 236 21 
179 237 21 
180 238 21 
180 239 21 
180 240 21 
180 241 21 
179 241 21 
178 242 21 
177 243 21 
176 244 21 
176 245 21 
176 246 21 
176 247 21 
177 248 21 
177 249 21 
178 250 21 
178 251 21 
179 252 21 
180 253 21 
181 252 21 
182 252 21 
183 251 21 
184 251 21 
185 251 21 
186 252 21 
187 252 21 
188 253 21 
188 254 21 
188 255 21 
188 256 21 
188 257 21 
188 258 21 
187 259 21 
186 259 21 
185 260 21 
184 261 21 
184 262 21 
184 263 21 
184 264 21 
184 265 21 
184 266 21 
185 267 21 
186 268 21 
187 269 21 
187 270 21 
187 271 21 
187 272 21 
187 273 21 
186 274 21 
185 275 21 
184 276 21 
184 277 21 
184 278 21 
184 279 21 
185 280 21 
185 281 21 
184 282 21 
183 283 21 
182 284 21 
182 285 21 
182 286 21 
182 287 21 
182 288 21 
183 289 21 
184 290 21 
185 291 21 
185 292 21 
185 293 21 
184 294 21 
184 295 21 
184 296 21 
184 297 21 
183 297 21 
182 297 21 
181 298 21 
180 298 21 
179 298 21 
178 299 21 
178 300 21 
178 301 21 
178 302 21 
179 303 21 
179 304 21 
179 305 21 
180 306 21 
181 307 21 
182 307 21 
183 307 21 
183 308 21 
184 309 21 
184 310 21 
184 311 21 
184 312 21 
184 313 21 
183 314 21 
183 315 21 
184 316 21 
185 316 21 
185 317 21 
186 318 21 
186 319 21 
186 320 21 
186 321 21 
186 322 21 
186 323 21 
186 324 21 
186 325 21 
186 326 21 
186 327 21 
186 328 21 
186 329 21 
187 330 21 
188 331 21 
189 331 21 
190 332 21 
191 332 21 
192 332 21 
V
Segmentation 3
269 320 21 
270 319 21 
271 318 21 
272 317 21 
272 316 21 
272 315 21 
272 314 21 
272 313 21 
271 312 21 
271 311 21 
271 310 21 
271 309 21 
270 308 21 
270 307 21 
270 306 21 
270 305 21 
271 304 21 
271 303 21 
270 302 21 
270 301 21 
271 300 21 
272 299 21 
271 298 21 
270 297 21 
269 296 21 
268 295 21 
267 295 21 
267 294 21 
268 293 21 
268 292 21 
268 291 21 
268 290 21 
269 289 21 
269 288 21 
269 287 21 
268 286 21 
267 285 21 
266 285 21 
266 284 21 
266 283 21 
266 282 21 
267 281 21 
267 280 21 
267 279 21 
267 278 21 
267 277 21 
268 276 21 
268 275 21 
268 274 21 
268 273 21 
268 272 21 
268 271 21 
268 270 21 
268 269 21 
267 268 21 
266 268 21 
266 267 21 
266 266 21 
265 265 21 
265 264 21 
265 263 21 
265 262 21 
265 261 21 
266 260 21 
267 259 21 
268 258 21 
269 257 21 
269 256 21 
268 255 21 
267 254 21 
267 253 21 
267 252 21 
268 251 21 
268 250 21 
267 249 21 
267 248 21 
267 247 21 
267 246 21 
266 245 21 
265 245 21 
264 245 21 
263 245 21 
262 244 21 
261 244 21 
260 243 21 
259 243 21 
258 244 21 
257 245 21 
257 246 21 
258 247 21 
258 248 21 
258 249 21 
258 250 21 
258 251 21 
258 252 21 
257 253 21 
257 254 21 
257 255 21 
257 256 21 
257 257 21 
257 258 21 
257 259 21 
257 260 21 
257 261 21 
257 262 21 
257 263 21 
257 264 21 
257 265 21 
257 266 21 
257 267 21 
256 268 21 
256 269 21 
256 270 21 
257 271 21 
257 272 21 
257 273 21 
258 274 21 
258 275 21 
258 276 21 
258 277 21 
258 278 21 
258 279 21 
258 280 21 
258 281 21 
258 282 21 
259 283 21 
259 284 21 
260 285 21 
260 286 21 
260 287 21 
260 288 21 
260 289 21 
260 290 21 
260 291 21 
260 292 21 
261 293 21 
261 294 21 
261 295 21 
261 296 21 
261 297 21 
262 298 21 
262 299 21 
262 300 21 
262 301 21 
262 302 21 
263 303 21 
263 304 21 
263 305 21 
263 306 21 
263 307 21 
263 308 21 
264 309 21 
264 310 21 
265 311 21 
265 312 21 
265 313 21 
265 314 21 
265 315 21 
266 316 21 
266 317 21 
266 318 21 
267 319 21 
268 319 21 
269 320 21 
V
Segmentation 4
327 292 21 
328 291 21 
329 291 21 
330 290 21 
331 290 21 
332 290 21 
333 289 21 
333 288 21 
333 287 21 
333 286 21 
334 285 21 
333 284 21 
333 283 21 
333 282 21 
334 281 21 
334 280 21 
335 279 21 
335 278 21 
336 277 21 
335 276 21 
334 276 21 
334 275 21 
333 274 21 
332 274 21 
331 275 21 
330 275 21 
329 275 21 
328 276 21 
327 276 21 
326 277 21 
325 276 21 
324 275 21 
323 276 21 
322 276 21 
321 276 21 
320 276 21 
319 276 21 
318 277 21 
317 277 21 
317 276 21 
316 275 21 
315 274 21 
314 274 21 
313 274 21 
312 275 21 
311 275 21 
310 275 21 
309 276 21 
310 277 21 
310 278 21 
309 279 21 
309 280 21 
309 281 21 
309 282 21 
309 283 21 
310 284 21 
311 284 21 
312 285 21 
312 286 21 
312 287 21 
312 288 21 
312 289 21 
313 290 21 
314 291 21 
315 291 21 
316 291 21 
317 292 21 
318 292 21 
319 291 21 
320 291 21 
321 290 21 
322 290 21 
323 290 21 
324 290 21 
325 291 21 
326 292 21 
327 292 21 
V
Segmentation 5
141 306 21 
142 305 21 
143 305 21 
144 304 21 
145 303 21 
145 302 21 
145 301 21 
145 300 21 
145 299 21 
145 298 21 
146 297 21 
146 296 21 
147 295 21 
147 294 21 
147 293 21 
147 292 21 
146 291 21 
145 291 21 
144 290 21 
143 289 21 
142 288 21 
141 289 21 
140 290 21 
139 291 21 
138 292 21 
137 293 21 
137 294 21 
137 295 21 
137 296 21 
137 297 21 
136 297 21 
135 298 21 
135 299 21 
135 300 21 
136 301 21 
136 302 21 
136 303 21 
136 304 21 
137 305 21 
138 306 21 
139 306 21 
140 306 21 
141 306 21 
V
Segmentation 6
325 326 21 
326 325 21 
327 324 21 
328 323 21 
329 322 21 
329 321 21 
329 320 21 
329 319 21 
329 318 21 
328 317 21 
328 316 21 
329 315 21 
328 314 21 
328 313 21 
327 312 21 
327 311 21 
327 310 21 
326 309 21 
325 308 21 
324 308 21 
323 308 21 
322 307 21 
321 307 21 
320 308 21 
319 309 21 
318 308 21 
317 308 21 
316 308 21 
315 308 21 
314 309 21 
313 309 21 
312 310 21 
311 311 21 
311 312 21 
311 313 21 
311 314 21 
312 315 21 
313 315 21 
314 316 21 
315 317 21 
316 317 21 
317 318 21 
318 318 21 
319 318 21 
320 318 21 
321 318 21 
321 319 21 
321 320 21 
320 321 21 
320 322 21 
320 323 21 
321 324 21 
322 325 21 
323 326 21 
324 326 21 
325 326 21 
V
Segmentation 7
130 322 21 
131 321 21 
132 321 21 
133 321 21 
134 320 21 
135 319 21 
135 318 21 
135 317 21 
134 316 21 
133 315 21 
132 314 21 
131 313 21 
130 313 21 
129 313 21 
128 313 21 
127 313 21 
126 313 21 
125 313 21 
124 314 21 
123 314 21 
122 315 21 
121 316 21 
121 317 21 
121 318 21 
121 319 21 
122 320 21 
123 321 21 
124 321 21 
125 322 21 
126 322 21 
127 322 21 
128 322 21 
129 322 21 
130 322 21 
V
Segmentation 8
269 336 21 
270 335 21 
270 334 21 
270 333 21 
270 332 21 
270 331 21 
269 330 21 
269 329 21 
268 328 21 
267 328 21 
266 329 21 
265 330 21 
265 331 21 
264 332 21 
263 332 21 
262 332 21 
261 333 21 
261 334 21 
262 335 21 
263 336 21 
264 336 21 
265 336 21 
266 336 21 
267 336 21 
268 336 21 
269 336 21 
V
Segmentation 9
343 340 21 
344 339 21 
345 338 21 
346 337 21 
346 336 21 
346 335 21 
346 334 21 
346 333 21 
346 332 21 
347 331 21 
346 330 21 
345 330 21 
344 329 21 
343 329 21 
342 329 21 
341 329 21 
340 329 21 
339 329 21 
338 330 21 
337 330 21 
336 330 21 
335 329 21 
334 328 21 
333 329 21 
332 330 21 
331 330 21 
330 331 21 
329 332 21 
329 333 21 
329 334 21 
330 335 21 
330 336 21 
330 337 21 
331 338 21 
332 338 21 
333 338 21 
334 338 21 
335 339 21 
336 339 21 
337 339 21 
338 339 21 
339 339 21 
340 339 21 
341 340 21 
342 340 21 
343 340 21 
V
Segmentation 10
262 357 21 
263 356 21 
264 355 21 
265 354 21 
266 354 21 
267 354 21 
268 353 21 
268 352 21 
268 351 21 
268 350 21 
267 349 21 
267 348 21 
267 347 21 
267 346 21 
266 345 21 
265 345 21 
264 346 21 
263 347 21 
262 347 21 
261 348 21 
260 348 21 
259 349 21 
259 350 21 
259 351 21 
259 352 21 
258 353 21 
258 354 21 
259 355 21 
260 356 21 
261 356 21 
262 357 21 
V
Segmentation 11
293 379 21 
294 378 21 
295 377 21 
295 376 21 
295 375 21 
296 374 21 
296 373 21 
296 372 21 
296 371 21 
296 370 21 
296 369 21 
296 368 21 
296 367 21 
296 366 21 
295 365 21 
295 364 21 
295 363 21 
294 362 21 
294 361 21 
293 360 21 
292 359 21 
292 358 21 
291 357 21 
290 356 21 
289 355 21 
288 355 21 
287 354 21 
286 354 21 
285 353 21 
284 353 21 
283 353 21 
282 353 21 
281 353 21 
280 353 21 
279 353 21 
278 353 21 
277 353 21 
276 353 21 
275 354 21 
274 354 21 
273 355 21 
272 356 21 
271 356 21 
270 357 21 
269 358 21 
269 359 21 
268 360 21 
268 361 21 
268 362 21 
269 363 21 
270 364 21 
270 365 21 
271 366 21 
272 367 21 
273 368 21 
274 369 21 
275 369 21 
275 370 21 
276 371 21 
277 372 21 
278 373 21 
279 374 21 
280 374 21 
281 375 21 
282 375 21 
283 376 21 
284 376 21 
285 377 21 
286 378 21 
287 378 21 
288 378 21 
289 379 21 
290 379 21 
291 379 21 
292 379 21 
293 379 21 
V
Segmentation 12
154 403 21 
155 402 21 
156 401 21 
156 400 21 
157 399 21 
157 398 21 
158 398 21 
159 398 21 
160 398 21 
161 398 21 
162 397 21 
162 396 21 
163 395 21 
163 394 21 
164 394 21 
165 394 21 
166 394 21 
167 394 21 
168 393 21 
169 393 21 
170 392 21 
170 391 21 
170 390 21 
170 389 21 
170 388 21 
170 387 21 
171 387 21 
172 386 21 
171 385 21 
171 384 21 
170 383 21 
169 383 21 
168 384 21 
167 384 21 
166 384 21 
165 384 21 
164 384 21 
163 384 21 
162 384 21 
161 385 21 
160 385 21 
159 384 21 
159 383 21 
159 382 21 
159 381 21 
159 380 21 
159 379 21 
159 378 21 
158 377 21 
157 376 21 
156 375 21 
155 375 21 
155 374 21 
155 373 21 
156 373 21 
157 372 21 
158 371 21 
158 370 21 
158 369 21 
158 368 21 
158 367 21 
157 366 21 
157 365 21 
157 364 21 
158 363 21 
158 362 21 
158 361 21 
158 360 21 
158 359 21 
159 358 21 
159 357 21 
158 356 21 
157 356 21 
156 356 21 
155 356 21 
154 355 21 
153 354 21 
152 355 21 
151 355 21 
150 356 21 
149 357 21 
148 358 21 
147 358 21 
146 358 21 
145 358 21 
144 358 21 
143 358 21 
142 358 21 
141 357 21 
140 357 21 
139 357 21 
138 357 21 
137 357 21 
136 356 21 
135 356 21 
134 356 21 
133 356 21 
132 356 21 
131 356 21 
130 356 21 
129 356 21 
128 356 21 
127 355 21 
126 354 21 
125 354 21 
124 355 21 
124 356 21 
123 357 21 
123 358 21 
122 359 21 
121 360 21 
121 361 21 
122 362 21 
123 363 21 
124 363 21 
125 363 21 
126 363 21 
127 364 21 
128 364 21 
129 365 21 
130 365 21 
131 365 21 
132 365 21 
133 365 21 
134 365 21 
135 365 21 
136 365 21 
137 365 21 
138 366 21 
139 366 21 
140 366 21 
140 367 21 
140 368 21 
140 369 21 
140 370 21 
141 371 21 
142 371 21 
143 371 21 
144 371 21 
145 372 21 
146 373 21 
146 374 21 
146 375 21 
146 376 21 
146 377 21 
146 378 21 
145 378 21 
144 379 21 
143 380 21 
142 381 21 
141 382 21 
141 383 21 
141 384 21 
141 385 21 
141 386 21 
142 387 21 
143 388 21 
143 389 21 
143 390 21 
142 391 21 
141 392 21 
141 393 21 
141 394 21 
142 395 21 
143 395 21 
144 395 21 
145 395 21 
146 395 21 
147 396 21 
147 397 21 
147 398 21 
147 399 21 
147 400 21 
148 401 21 
149 401 21 
150 402 21 
151 402 21 
152 402 21 
153 402 21 
154 403 21 
V
Segmentation 13
318 386 21 
319 385 21 
320 385 21 
321 384 21 
322 383 21 
322 382 21 
322 381 21 
322 380 21 
321 379 21 
320 378 21 
319 378 21 
318 377 21 
317 377 21 
316 377 21 
315 378 21 
315 379 21 
315 380 21 
314 381 21 
315 382 21 
315 383 21 
315 384 21 
316 385 21 
317 386 21 
318 386 21 
V
Segmentation 0
170 261 22 
171 260 22 
172 259 22 
173 258 22 
173 257 22 
173 256 22 
173 255 22 
173 254 22 
173 253 22 
172 252 22 
171 252 22 
170 251 22 
169 251 22 
168 251 22 
167 250 22 
166 249 22 
165 249 22 
164 250 22 
163 251 22 
162 250 22 
161 250 22 
160 250 22 
159 251 22 
158 251 22 
157 252 22 
157 253 22 
157 254 22 
157 255 22 
157 256 22 
157 257 22 
157 258 22 
158 259 22 
159 259 22 
160 260 22 
161 261 22 
162 261 22 
163 261 22 
164 261 22 
165 261 22 
166 261 22 
167 261 22 
168 261 22 
169 261 22 
170 261 22 
V
Segmentation 1
136 310 22 
137 309 22 
138 309 22 
139 309 22 
140 308 22 
140 307 22 
140 306 22 
140 305 22 
141 304 22 
141 303 22 
142 303 22 
143 303 22 
144 303 22 
145 303 22 
146 303 22 
147 304 22 
147 305 22 
148 306 22 
149 307 22 
150 308 22 
151 308 22 
152 308 22 
153 307 22 
154 307 22 
155 307 22 
156 307 22 
157 306 22 
157 305 22 
157 304 22 
158 303 22 
157 302 22 
157 301 22 
157 300 22 
156 299 22 
155 299 22 
154 298 22 
153 297 22 
152 297 22 
151 296 22 
150 295 22 
149 294 22 
149 293 22 
148 292 22 
147 291 22 
146 291 22 
145 290 22 
144 290 22 
143 289 22 
142 289 22 
141 289 22 
140 289 22 
140 288 22 
139 287 22 
139 286 22 
139 285 22 
140 284 22 
140 283 22 
139 282 22 
138 282 22 
137 281 22 
136 281 22 
135 281 22 
134 282 22 
133 283 22 
132 284 22 
132 285 22 
132 286 22 
131 287 22 
131 288 22 
131 289 22 
131 290 22 
132 291 22 
133 291 22 
134 292 22 
135 292 22 
136 292 22 
137 293 22 
137 294 22 
138 295 22 
138 296 22 
137 297 22 
137 298 22 
136 298 22 
135 299 22 
134 299 22 
133 300 22 
132 300 22 
131 301 22 
131 302 22 
131 303 22 
131 304 22 
131 305 22 
132 306 22 
132 307 22 
133 308 22 
134 309 22 
135 309 22 
136 310 22 
V
Segmentation 2
183 291 22 
184 290 22 
185 289 22 
186 289 22 
187 289 22 
188 288 22 
187 287 22 
186 286 22 
186 285 22 
187 284 22 
188 283 22 
187 282 22 
186 282 22 
185 282 22 
184 281 22 
183 281 22 
182 281 22 
181 281 22 
180 282 22 
179 283 22 
179 284 22 
180 285 22 
181 286 22 
182 287 22 
182 288 22 
181 289 22 
180 290 22 
181 291 22 
182 291 22 
183 291 22 
V
Segmentation 3
304 298 22 
305 297 22 
306 297 22 
307 297 22 
308 297 22 
309 297 22 
310 296 22 
311 295 22 
312 294 22 
312 293 22 
313 292 22 
314 292 22 
315 291 22 
316 290 22 
316 289 22 
317 288 22 
317 287 22 
318 286 22 
318 285 22 
318 284 22 
317 283 22 
316 282 22 
315 282 22 
314 282 22 
313 283 22 
312 283 22 
311 283 22 
310 283 22 
309 283 22 
308 283 22 
307 282 22 
306 281 22 
305 281 22 
304 281 22 
303 281 22 
302 281 22 
301 281 22 
300 282 22 
299 283 22 
299 284 22 
299 285 22 
299 286 22 
299 287 22 
299 288 22 
299 289 22 
300 290 22 
300 291 22 
299 292 22 
299 293 22 
299 294 22 
299 295 22 
300 296 22 
301 297 22 
302 298 22 
303 298 22 
304 298 22 
V
Segmentation 4
193 307 22 
194 306 22 
195 306 22 
196 305 22 
195 304 22 
196 303 22 
197 302 22 
197 301 22 
197 300 22 
197 299 22 
196 298 22 
195 297 22 
194 297 22 
193 297 22 
192 296 22 
191 295 22 
190 295 22 
189 296 22 
188 296 22 
187 297 22 
186 298 22 
186 299 22 
187 300 22 
187 301 22 
187 302 22 
187 303 22 
187 304 22 
188 305 22 
189 305 22 
190 306 22 
191 306 22 
192 307 22 
193 307 22 
V
Segmentation 5
318 363 22 
319 362 22 
320 361 22 
320 360 22 
320 359 22 
320 358 22 
319 357 22 
318 356 22 
317 355 22 
316 355 22 
315 355 22 
314 355 22 
313 356 22 
312 356 22 
311 357 22 
310 358 22 
310 359 22 
310 360 22 
311 361 22 
312 362 22 
313 363 22 
314 363 22 
315 363 22 
316 363 22 
317 363 22 
318 363 22 
V
Segmentation 6
332 380 22 
333 379 22 
334 378 22 
335 377 22 
335 376 22 
335 375 22 
335 374 22 
335 373 22 
335 372 22 
334 371 22 
333 371 22 
332 370 22 
331 369 22 
331 368 22 
331 367 22 
331 366 22 
331 365 22 
331 364 22 
330 363 22 
329 362 22 
328 362 22 
327 361 22 
326 361 22 
325 361 22 
324 362 22 
323 362 22 
322 363 22 
322 364 22 
322 365 22 
322 366 22 
322 367 22 
322 368 22 
322 369 22 
321 370 22 
320 370 22 
319 371 22 
318 371 22 
317 372 22 
316 372 22 
315 373 22 
315 374 22 
315 375 22 
316 376 22 
317 376 22 
318 377 22 
319 378 22 
320 378 22 
321 378 22 
322 378 22 
323 377 22 
324 377 22 
325 377 22 
326 377 22 
327 378 22 
328 378 22 
329 378 22 
330 379 22 
331 379 22 
332 380 22 
V
Segmentation 0
199 190 23 
200 189 23 
201 189 23 
202 189 23 
203 188 23 
204 187 23 
204 186 23 
204 185 23 
204 184 23 
203 183 23 
202 182 23 
201 181 23 
200 180 23 
199 180 23 
198 179 23 
197 180 23 
196 181 23 
195 181 23 
194 182 23 
194 183 23 
194 184 23 
194 185 23 
195 186 23 
195 187 23 
195 188 23 
196 189 23 
197 190 23 
198 190 23 
199 190 23 
V
Segmentation 1
312 236 23 
313 235 23 
314 234 23 
315 233 23 
316 233 23 
317 232 23 
317 231 23 
317 230 23 
317 229 23 
317 228 23 
316 227 23 
315 226 23 
314 225 23 
314 224 23 
314 223 23 
314 222 23 
315 221 23 
315 220 23 
314 219 23 
313 219 23 
313 218 23 
312 217 23 
311 218 23 
310 219 23 
309 219 23 
308 219 23 
307 220 23 
306 220 23 
305 220 23 
304 221 23 
305 222 23 
305 223 23 
306 224 23 
306 225 23 
306 226 23 
307 227 23 
307 228 23 
307 229 23 
307 230 23 
308 231 23 
308 232 23 
309 233 23 
310 234 23 
311 235 23 
312 236 23 
V
Segmentation 2
205 236 23 
206 235 23 
207 234 23 
208 233 23 
208 232 23 
208 231 23 
207 230 23 
206 229 23 
206 228 23 
205 227 23 
204 227 23 
203 227 23 
202 227 23 
201 227 23 
200 227 23 
199 228 23 
198 229 23 
198 230 23 
198 231 23 
199 232 23 
200 233 23 
201 234 23 
202 234 23 
202 235 23 
203 236 23 
204 236 23 
205 236 23 
V
Segmentation 3
292 238 23 
293 237 23 
294 237 23 
295 237 23 
296 237 23 
297 236 23 
298 236 23 
299 236 23 
300 235 23 
300 234 23 
300 233 23 
300 232 23 
301 231 23 
300 230 23 
299 229 23 
298 228 23 
297 228 23 
296 228 23 
295 228 23 
294 228 23 
293 229 23 
292 230 23 
291 231 23 
290 232 23 
290 233 23 
290 234 23 
289 235 23 
289 236 23 
290 237 23 
291 238 23 
292 238 23 
V
Segmentation 4
187 252 23 
188 251 23 
189 250 23 
190 249 23 
190 248 23 
190 247 23 
190 246 23 
190 245 23 
190 244 23 
189 243 23 
188 244 23 
187 244 23 
186 244 23 
185 244 23 
184 243 23 
183 244 23 
182 245 23 
182 246 23 
181 247 23 
181 248 23 
181 249 23 
182 250 23 
182 251 23 
183 252 23 
184 252 23 
185 252 23 
186 252 23 
187 252 23 
V
Segmentation 0
207 230 24 
208 229 24 
209 229 24 
210 228 24 
211 228 24 
212 227 24 
212 226 24 
212 225 24 
212 224 24 
212 223 24 
212 222 24 
211 221 24 
210 220 24 
209 220 24 
208 219 24 
207 219 24 
206 218 24 
205 219 24 
204 219 24 
203 220 24 
202 221 24 
202 222 24 
202 223 24 
202 224 24 
203 225 24 
203 226 24 
203 227 24 
202 228 24 
203 229 24 
204 230 24 
205 230 24 
206 230 24 
207 230 24 
V
Segmentation 1
140 303 24 
141 302 24 
142 301 24 
143 301 24 
144 301 24 
145 301 24 
146 301 24 
147 300 24 
148 299 24 
147 298 24 
147 297 24 
147 296 24 
146 295 24 
145 294 24 
144 294 24 
143 294 24 
142 294 24 
141 293 24 
140 293 24 
139 293 24 
138 293 24 
137 294 24 
137 295 24 
137 296 24 
137 297 24 
137 298 24 
136 299 24 
136 300 24 
137 301 24 
138 302 24 
139 303 24 
140 303 24 
V
Segmentation 0
190 302 25 
191 301 25 
191 300 25 
191 299 25 
190 298 25 
190 297 25 
191 296 25 
191 295 25 
191 294 25 
191 293 25 
191 292 25 
190 291 25 
190 290 25 
190 289 25 
191 288 25 
192 287 25 
193 286 25 
194 286 25 
195 285 25 
196 284 25 
197 283 25 
198 282 25 
198 281 25 
198 280 25 
199 279 25 
200 279 25 
201 278 25 
202 277 25 
202 276 25 
203 276 25 
204 275 25 
205 274 25 
205 273 25 
205 272 25 
205 271 25 
205 270 25 
205 269 25 
204 268 25 
203 267 25 
202 267 25 
201 267 25 
201 266 25 
201 265 25 
202 264 25 
202 263 25 
202 262 25 
203 261 25 
203 260 25 
204 259 25 
204 258 25 
203 257 25 
204 256 25 
204 255 25 
204 254 25 
204 253 25 
203 252 25 
202 251 25 
201 251 25 
201 250 25 
201 249 25 
202 248 25 
203 247 25 
203 246 25 
203 245 25 
203 244 25 
203 243 25 
202 242 25 
202 241 25 
201 240 25 
201 239 25 
201 238 25 
202 237 25 
203 238 25 
204 238 25 
205 238 25 
206 237 25 
207 236 25 
208 235 25 
208 234 25 
209 233 25 
209 232 25 
210 231 25 
211 230 25 
212 230 25 
213 229 25 
213 228 25 
213 227 25 
213 226 25 
213 225 25 
214 224 25 
214 223 25 
214 222 25 
214 221 25 
213 220 25 
212 220 25 
211 220 25 
210 220 25 
209 219 25 
208 219 25 
208 218 25 
207 217 25 
207 216 25 
206 215 25 
205 214 25 
204 214 25 
203 214 25 
202 214 25 
201 215 25 
201 216 25 
201 217 25 
201 218 25 
201 219 25 
201 220 25 
202 221 25 
202 222 25 
203 223 25 
204 224 25 
204 225 25 
204 226 25 
203 227 25 
202 228 25 
201 228 25 
200 228 25 
199 229 25 
198 229 25 
197 230 25 
196 230 25 
195 230 25 
194 231 25 
193 231 25 
192 232 25 
192 233 25 
192 234 25 
191 235 25 
191 236 25 
191 237 25 
190 238 25 
190 239 25 
191 240 25 
192 240 25 
193 239 25 
194 240 25 
195 240 25 
195 241 25 
195 242 25 
195 243 25 
194 244 25 
194 245 25 
193 246 25 
192 246 25 
191 246 25 
190 246 25 
189 247 25 
188 248 25 
188 249 25 
188 250 25 
188 251 25 
188 252 25 
189 253 25 
190 254 25 
191 254 25 
192 255 25 
193 255 25 
194 255 25 
195 255 25 
195 256 25 
196 257 25 
196 258 25 
195 259 25 
194 260 25 
194 261 25 
193 262 25 
193 263 25 
193 264 25 
193 265 25 
194 266 25 
193 267 25 
192 267 25 
191 268 25 
190 268 25 
189 269 25 
189 270 25 
188 271 25 
188 272 25 
187 273 25 
186 273 25 
185 273 25 
184 274 25 
183 275 25 
183 276 25 
183 277 25 
184 278 25 
185 278 25 
186 278 25 
187 279 25 
187 280 25 
186 281 25 
185 281 25 
184 282 25 
183 282 25 
182 283 25 
181 284 25 
180 285 25 
180 286 25 
180 287 25 
180 288 25 
179 289 25 
178 290 25 
177 291 25 
176 292 25 
176 293 25 
176 294 25 
176 295 25 
176 296 25 
176 297 25 
176 298 25 
177 299 25 
178 299 25 
179 300 25 
180 300 25 
181 300 25 
182 300 25 
183 300 25 
184 300 25 
185 300 25 
186 300 25 
187 301 25 
188 302 25 
189 302 25 
190 302 25 
V
Segmentation 1
258 251 25 
259 250 25 
260 249 25 
260 248 25 
260 247 25 
259 246 25 
259 245 25 
258 244 25 
257 243 25 
256 242 25 
255 242 25 
254 243 25 
253 244 25 
253 245 25 
252 246 25 
252 247 25 
252 248 25 
252 249 25 
253 250 25 
254 251 25 
255 251 25 
256 251 25 
257 251 25 
258 251 25 
V
Segmentation 2
303 262 25 
304 261 25 
305 260 25 
306 260 25 
307 259 25 
307 258 25 
307 257 25 
307 256 25 
307 255 25 
308 254 25 
307 253 25 
306 253 25 
305 252 25 
304 252 25 
303 252 25 
302 251 25 
301 251 25 
300 251 25 
299 251 25 
298 251 25 
297 250 25 
296 250 25 
295 250 25 
294 249 25 
293 249 25 
292 250 25 
291 251 25 
290 252 25 
289 253 25 
289 254 25 
290 255 25 
290 256 25 
290 257 25 
290 258 25 
291 259 25 
292 260 25 
293 260 25 
294 261 25 
295 261 25 
296 260 25 
297 260 25 
298 259 25 
299 260 25 
300 260 25 
301 261 25 
302 261 25 
303 262 25 
V
Segmentation 0
258 278 26 
259 277 26 
260 276 26 
260 275 26 
260 274 26 
260 273 26 
260 272 26 
260 271 26 
260 270 26 
261 269 26 
262 268 26 
263 268 26 
264 267 26 
265 266 26 
265 265 26 
265 264 26 
265 263 26 
264 262 26 
264 261 26 
265 260 26 
266 259 26 
267 258 26 
268 257 26 
268 256 26 
268 255 26 
268 254 26 
267 253 26 
267 252 26 
268 251 26 
269 251 26 
270 250 26 
271 249 26 
271 248 26 
271 247 26 
271 246 26 
271 245 26 
271 244 26 
270 243 26 
269 242 26 
268 242 26 
267 242 26 
266 242 26 
265 243 26 
264 243 26 
263 243 26 
262 243 26 
261 243 26 
260 242 26 
259 242 26 
258 242 26 
257 242 26 
256 243 26 
255 243 26 
254 243 26 
253 244 26 
253 245 26 
253 246 26 
253 247 26 
254 248 26 
254 249 26 
254 250 26 
254 251 26 
254 252 26 
253 253 26 
252 253 26 
251 252 26 
250 252 26 
249 252 26 
248 251 26 
247 251 26 
246 252 26 
245 253 26 
244 253 26 
243 254 26 
242 255 26 
242 256 26 
242 257 26 
242 258 26 
242 259 26 
241 260 26 
240 260 26 
239 261 26 
239 262 26 
239 263 26 
239 264 26 
239 265 26 
240 266 26 
240 267 26 
241 268 26 
242 269 26 
242 270 26 
242 271 26 
242 272 26 
242 273 26 
242 274 26 
242 275 26 
243 276 26 
244 277 26 
245 277 26 
246 277 26 
247 276 26 
248 275 26 
249 275 26 
250 275 26 
251 276 26 
252 276 26 
253 277 26 
254 277 26 
255 278 26 
256 278 26 
257 278 26 
258 278 26 
V
Segmentation 1
201 333 26 
202 332 26 
203 331 26 
204 331 26 
205 331 26 
206 330 26 
207 330 26 
208 330 26 
209 329 26 
209 328 26 
209 327 26 
209 326 26 
209 325 26 
209 324 26 
208 323 26 
207 323 26 
206 323 26 
205 323 26 
204 323 26 
203 323 26 
202 323 26 
201 323 26 
200 323 26 
201 322 26 
201 321 26 
202 320 26 
201 319 26 
201 318 26 
201 317 26 
202 316 26 
202 315 26 
202 314 26 
201 313 26 
200 313 26 
199 313 26 
198 313 26 
197 313 26 
196 313 26 
195 314 26 
195 315 26 
194 316 26 
193 317 26 
192 318 26 
192 319 26 
193 320 26 
194 320 26 
195 321 26 
196 322 26 
196 323 26 
196 324 26 
195 325 26 
195 326 26 
195 327 26 
194 328 26 
194 329 26 
195 330 26 
196 331 26 
196 332 26 
197 333 26 
198 333 26 
199 333 26 
200 333 26 
201 333 26 
V
Segmentation 0
255 327 27 
256 326 27 
257 326 27 
258 325 27 
259 325 27 
260 324 27 
259 323 27 
259 322 27 
259 321 27 
259 320 27 
259 319 27 
259 318 27 
259 317 27 
259 316 27 
258 315 27 
257 316 27 
256 315 27 
255 315 27 
254 315 27 
253 316 27 
252 317 27 
251 318 27 
251 319 27 
250 320 27 
249 321 27 
250 322 27 
251 323 27 
252 324 27 
253 325 27 
254 326 27 
255 327 27 
V
