Segmentation 0
288 382 12 
289 381 12 
290 380 12 
290 379 12 
291 378 12 
291 377 12 
290 376 12 
289 375 12 
289 374 12 
289 373 12 
288 372 12 
287 371 12 
286 371 12 
285 371 12 
284 372 12 
283 373 12 
283 374 12 
282 375 12 
282 376 12 
281 377 12 
281 378 12 
282 379 12 
283 379 12 
284 380 12 
285 380 12 
286 380 12 
287 381 12 
288 382 12 
V
Segmentation 1
282 398 12 
283 397 12 
284 396 12 
285 395 12 
285 394 12 
285 393 12 
285 392 12 
285 391 12 
285 390 12 
285 389 12 
284 388 12 
283 388 12 
282 387 12 
281 387 12 
280 386 12 
280 385 12 
280 384 12 
281 383 12 
281 382 12 
281 381 12 
281 380 12 
280 379 12 
279 379 12 
278 379 12 
277 378 12 
276 378 12 
275 378 12 
274 379 12 
274 380 12 
273 381 12 
272 382 12 
272 383 12 
272 384 12 
272 385 12 
272 386 12 
273 387 12 
274 388 12 
275 388 12 
275 389 12 
276 390 12 
276 391 12 
276 392 12 
276 393 12 
276 394 12 
276 395 12 
276 396 12 
277 397 12 
278 397 12 
279 397 12 
280 398 12 
281 398 12 
282 398 12 
V
Segmentation 2
259 406 12 
260 405 12 
261 405 12 
262 404 12 
262 403 12 
261 402 12 
261 401 12 
260 400 12 
260 399 12 
260 398 12 
259 397 12 
258 396 12 
257 396 12 
256 396 12 
255 397 12 
254 397 12 
253 398 12 
253 399 12 
253 400 12 
253 401 12 
253 402 12 
254 403 12 
255 404 12 
256 405 12 
257 405 12 
258 406 12 
259 406 12 
V
Segmentation 0
196 405 13 
197 404 13 
198 404 13 
199 403 13 
199 402 13 
199 401 13 
199 400 13 
199 399 13 
199 398 13 
199 397 13 
200 397 13 
201 396 13 
202 396 13 
203 395 13 
203 394 13 
203 393 13 
203 392 13 
203 391 13 
203 390 13 
203 389 13 
203 388 13 
202 387 13 
201 386 13 
200 386 13 
199 385 13 
198 384 13 
198 383 13 
198 382 13 
197 381 13 
196 380 13 
195 380 13 
194 381 13 
193 381 13 
192 381 13 
191 381 13 
190 382 13 
190 383 13 
190 384 13 
189 385 13 
189 386 13 
189 387 13 
189 388 13 
188 388 13 
187 388 13 
186 389 13 
185 389 13 
184 390 13 
184 391 13 
184 392 13 
184 393 13 
185 394 13 
185 395 13 
186 396 13 
187 396 13 
187 397 13 
188 398 13 
189 399 13 
190 399 13 
190 400 13 
190 401 13 
190 402 13 
191 403 13 
192 403 13 
193 404 13 
194 404 13 
195 405 13 
196 405 13 
V
Segmentation 1
275 397 13 
276 396 13 
277 395 13 
277 394 13 
278 393 13 
278 392 13 
278 391 13 
279 390 13 
279 389 13 
279 388 13 
279 387 13 
279 386 13 
278 385 13 
277 385 13 
276 384 13 
275 385 13 
275 386 13 
274 387 13 
273 387 13 
272 388 13 
271 388 13 
270 389 13 
269 390 13 
268 391 13 
269 392 13 
270 393 13 
271 394 13 
272 394 13 
273 394 13 
274 395 13 
274 396 13 
275 397 13 
V
Segmentation 2
257 406 13 
258 405 13 
259 404 13 
260 403 13 
260 402 13 
259 401 13 
259 400 13 
258 399 13 
258 398 13 
258 397 13 
257 396 13 
256 396 13 
255 396 13 
254 396 13 
253 396 13 
252 396 13 
251 397 13 
251 398 13 
251 399 13 
252 400 13 
253 401 13 
253 402 13 
254 403 13 
255 404 13 
256 405 13 
257 406 13 
V
Segmentation 0
302 359 14 
303 358 14 
304 357 14 
305 357 14 
306 357 14 
307 356 14 
308 356 14 
309 355 14 
309 354 14 
309 353 14 
309 352 14 
309 351 14 
308 350 14 
309 349 14 
310 348 14 
310 347 14 
310 346 14 
309 345 14 
308 344 14 
308 343 14 
308 342 14 
307 341 14 
307 340 14 
306 339 14 
305 339 14 
304 340 14 
303 340 14 
302 341 14 
301 341 14 
300 342 14 
300 343 14 
300 344 14 
300 345 14 
300 346 14 
299 347 14 
298 347 14 
297 347 14 
296 346 14 
295 346 14 
294 346 14 
293 347 14 
293 348 14 
293 349 14 
293 350 14 
294 351 14 
295 352 14 
296 352 14 
297 353 14 
298 354 14 
298 355 14 
298 356 14 
299 357 14 
300 358 14 
301 359 14 
302 359 14 
V
Segmentation 1
190 407 14 
191 406 14 
192 405 14 
193 405 14 
194 405 14 
195 405 14 
196 405 14 
197 405 14 
198 405 14 
199 405 14 
200 405 14 
201 404 14 
201 403 14 
201 402 14 
201 401 14 
201 400 14 
201 399 14 
200 398 14 
199 397 14 
198 397 14 
197 396 14 
196 396 14 
195 395 14 
195 394 14 
194 393 14 
193 392 14 
193 391 14 
192 390 14 
193 389 14 
193 388 14 
193 387 14 
193 386 14 
192 385 14 
192 384 14 
191 383 14 
191 382 14 
190 381 14 
189 381 14 
188 380 14 
187 380 14 
186 380 14 
186 379 14 
186 378 14 
186 377 14 
186 376 14 
185 375 14 
185 374 14 
185 373 14 
185 372 14 
184 371 14 
184 370 14 
183 369 14 
183 368 14 
182 367 14 
181 366 14 
180 365 14 
180 364 14 
180 363 14 
180 362 14 
180 361 14 
180 360 14 
179 359 14 
178 358 14 
177 358 14 
176 358 14 
175 358 14 
174 359 14 
173 359 14 
172 360 14 
171 360 14 
170 359 14 
169 358 14 
168 357 14 
167 356 14 
166 355 14 
166 354 14 
165 353 14 
165 352 14 
165 351 14 
164 350 14 
163 349 14 
162 348 14 
161 348 14 
160 348 14 
159 349 14 
158 350 14 
158 351 14 
158 352 14 
158 353 14 
158 354 14 
159 355 14 
160 356 14 
161 357 14 
162 358 14 
162 359 14 
162 360 14 
162 361 14 
163 362 14 
163 363 14 
164 364 14 
164 365 14 
165 366 14 
165 367 14 
165 368 14 
166 369 14 
166 370 14 
167 371 14 
167 372 14 
168 373 14 
168 374 14 
168 375 14 
169 376 14 
169 377 14 
169 378 14 
170 379 14 
170 380 14 
171 381 14 
171 382 14 
172 383 14 
172 384 14 
172 385 14 
173 386 14 
173 387 14 
174 388 14 
175 389 14 
175 390 14 
176 391 14 
177 392 14 
177 393 14 
178 394 14 
179 395 14 
180 395 14 
181 396 14 
182 397 14 
183 397 14 
183 398 14 
183 399 14 
183 400 14 
184 401 14 
184 402 14 
185 403 14 
186 404 14 
187 405 14 
188 406 14 
189 407 14 
190 407 14 
V
Segmentation 2
292 374 14 
293 373 14 
294 372 14 
294 371 14 
294 370 14 
294 369 14 
294 368 14 
294 367 14 
293 366 14 
293 365 14 
292 364 14 
291 363 14 
290 363 14 
289 364 14 
288 365 14 
287 366 14 
287 367 14 
286 368 14 
286 369 14 
286 370 14 
285 371 14 
286 372 14 
287 372 14 
288 372 14 
289 372 14 
290 373 14 
291 374 14 
292 374 14 
V
Segmentation 3
281 396 14 
282 395 14 
282 394 14 
282 393 14 
283 392 14 
284 391 14 
284 390 14 
285 389 14 
286 389 14 
287 389 14 
288 389 14 
289 390 14 
290 390 14 
291 390 14 
292 389 14 
293 388 14 
294 387 14 
294 386 14 
294 385 14 
294 384 14 
294 383 14 
293 382 14 
292 381 14 
292 380 14 
291 379 14 
290 380 14 
289 381 14 
288 381 14 
287 380 14 
286 380 14 
285 379 14 
284 379 14 
283 378 14 
283 377 14 
283 376 14 
284 375 14 
284 374 14 
283 373 14 
282 373 14 
281 372 14 
280 372 14 
279 371 14 
278 370 14 
277 371 14 
276 371 14 
275 372 14 
274 373 14 
274 374 14 
275 375 14 
275 376 14 
275 377 14 
275 378 14 
275 379 14 
274 380 14 
273 380 14 
272 381 14 
271 382 14 
271 383 14 
271 384 14 
270 385 14 
270 386 14 
270 387 14 
271 388 14 
272 389 14 
273 389 14 
274 390 14 
274 391 14 
274 392 14 
274 393 14 
274 394 14 
275 395 14 
276 395 14 
277 396 14 
278 396 14 
279 396 14 
280 396 14 
281 396 14 
V
Segmentation 0
197 204 15 
198 203 15 
199 202 15 
200 201 15 
201 200 15 
202 199 15 
202 198 15 
202 197 15 
202 196 15 
202 195 15 
201 194 15 
200 194 15 
199 193 15 
198 192 15 
197 192 15 
197 191 15 
197 190 15 
197 189 15 
197 188 15 
198 187 15 
199 186 15 
200 185 15 
201 184 15 
202 183 15 
202 182 15 
202 181 15 
201 180 15 
201 179 15 
200 178 15 
200 177 15 
199 176 15 
199 175 15 
198 174 15 
198 173 15 
198 172 15 
197 171 15 
196 171 15 
195 171 15 
194 171 15 
193 172 15 
193 173 15 
192 174 15 
191 175 15 
191 176 15 
191 177 15 
190 177 15 
189 177 15 
188 177 15 
187 178 15 
186 179 15 
186 180 15 
186 181 15 
186 182 15 
186 183 15 
186 184 15 
185 185 15 
186 186 15 
187 186 15 
188 187 15 
189 188 15 
188 189 15 
188 190 15 
188 191 15 
188 192 15 
188 193 15 
189 194 15 
189 195 15 
190 196 15 
191 196 15 
192 197 15 
193 198 15 
193 199 15 
193 200 15 
194 201 15 
195 202 15 
196 203 15 
197 204 15 
V
Segmentation 1
270 203 15 
271 202 15 
272 201 15 
272 200 15 
272 199 15 
272 198 15 
272 197 15 
272 196 15 
273 195 15 
273 194 15 
272 193 15 
271 193 15 
270 193 15 
269 193 15 
268 194 15 
267 194 15 
266 194 15 
265 194 15 
264 193 15 
263 192 15 
263 191 15 
263 190 15 
262 189 15 
262 188 15 
261 187 15 
260 186 15 
259 186 15 
259 185 15 
259 184 15 
259 183 15 
260 182 15 
260 181 15 
260 180 15 
259 179 15 
258 178 15 
257 178 15 
256 177 15 
255 177 15 
254 176 15 
253 176 15 
252 176 15 
251 176 15 
250 176 15 
249 176 15 
248 176 15 
247 176 15 
246 176 15 
245 176 15 
244 177 15 
243 178 15 
242 179 15 
243 180 15 
243 181 15 
244 182 15 
244 183 15 
244 184 15 
245 185 15 
246 185 15 
247 184 15 
248 184 15 
249 185 15 
250 185 15 
251 186 15 
252 187 15 
252 188 15 
252 189 15 
253 190 15 
253 191 15 
252 192 15 
252 193 15 
253 194 15 
254 195 15 
255 196 15 
256 197 15 
257 198 15 
258 199 15 
258 200 15 
259 201 15 
260 201 15 
261 201 15 
262 201 15 
263 201 15 
264 201 15 
265 201 15 
266 201 15 
267 202 15 
268 203 15 
269 203 15 
270 203 15 
V
Segmentation 2
285 383 15 
286 382 15 
287 382 15 
288 381 15 
289 380 15 
289 379 15 
289 378 15 
289 377 15 
289 376 15 
289 375 15 
289 374 15 
290 374 15 
291 373 15 
292 373 15 
293 372 15 
294 372 15 
295 371 15 
295 370 15 
295 369 15 
295 368 15 
295 367 15 
295 366 15 
295 365 15 
294 364 15 
293 364 15 
292 363 15 
291 363 15 
290 362 15 
290 361 15 
290 360 15 
290 359 15 
291 358 15 
291 357 15 
291 356 15 
292 355 15 
292 354 15 
292 353 15 
292 352 15 
292 351 15 
291 350 15 
290 350 15 
289 349 15 
288 349 15 
287 349 15 
287 348 15 
287 347 15 
287 346 15 
287 345 15 
286 344 15 
285 345 15 
284 346 15 
284 347 15 
283 348 15 
282 349 15 
282 350 15 
281 351 15 
280 352 15 
279 353 15 
278 354 15 
277 355 15 
277 356 15 
276 357 15 
275 358 15 
275 359 15 
275 360 15 
275 361 15 
274 362 15 
274 363 15 
275 364 15 
276 364 15 
277 364 15 
278 365 15 
279 365 15 
280 366 15 
279 367 15 
279 368 15 
278 369 15 
278 370 15 
278 371 15 
278 372 15 
279 373 15 
279 374 15 
280 375 15 
280 376 15 
280 377 15 
281 378 15 
281 379 15 
281 380 15 
281 381 15 
282 382 15 
283 383 15 
284 383 15 
285 383 15 
V
Segmentation 3
178 390 15 
179 389 15 
180 389 15 
181 388 15 
182 388 15 
183 387 15 
183 386 15 
183 385 15 
183 384 15 
182 383 15 
181 382 15 
180 381 15 
179 380 15 
178 379 15 
178 378 15 
178 377 15 
178 376 15 
178 375 15 
178 374 15 
177 373 15 
176 372 15 
176 371 15 
176 370 15 
176 369 15 
175 368 15 
175 367 15 
175 366 15 
176 365 15 
177 365 15 
178 364 15 
178 363 15 
178 362 15 
178 361 15 
178 360 15 
178 359 15 
178 358 15 
178 357 15 
178 356 15 
179 355 15 
179 354 15 
179 353 15 
179 352 15 
179 351 15 
178 350 15 
177 350 15 
176 351 15 
175 351 15 
174 352 15 
173 352 15 
172 352 15 
171 352 15 
170 352 15 
169 351 15 
168 350 15 
167 349 15 
167 348 15 
166 347 15 
165 346 15 
164 345 15 
163 345 15 
162 345 15 
161 346 15 
160 347 15 
159 347 15 
158 348 15 
158 349 15 
158 350 15 
158 351 15 
158 352 15 
159 353 15 
159 354 15 
160 355 15 
161 356 15 
161 357 15 
162 358 15 
162 359 15 
162 360 15 
162 361 15 
162 362 15 
162 363 15 
163 364 15 
164 365 15 
164 366 15 
164 367 15 
165 368 15 
165 369 15 
165 370 15 
165 371 15 
165 372 15 
166 373 15 
167 374 15 
168 375 15 
168 376 15 
169 377 15 
169 378 15 
169 379 15 
169 380 15 
170 381 15 
171 382 15 
172 383 15 
172 384 15 
173 385 15 
173 386 15 
174 387 15 
175 388 15 
176 389 15 
177 389 15 
178 390 15 
V
Segmentation 0
266 195 16 
267 194 16 
268 194 16 
269 193 16 
269 192 16 
269 191 16 
269 190 16 
270 189 16 
270 188 16 
270 187 16 
269 186 16 
268 185 16 
268 184 16 
267 183 16 
267 182 16 
267 181 16 
267 180 16 
267 179 16 
266 178 16 
266 177 16 
265 176 16 
265 175 16 
264 174 16 
264 173 16 
264 172 16 
264 171 16 
265 170 16 
266 169 16 
267 168 16 
266 167 16 
266 166 16 
266 165 16 
266 164 16 
266 163 16 
266 162 16 
265 161 16 
264 161 16 
263 160 16 
262 161 16 
261 161 16 
260 162 16 
259 162 16 
258 163 16 
257 162 16 
256 162 16 
255 161 16 
254 161 16 
253 161 16 
252 162 16 
251 162 16 
250 162 16 
249 163 16 
249 164 16 
249 165 16 
249 166 16 
249 167 16 
249 168 16 
249 169 16 
248 170 16 
247 170 16 
246 171 16 
245 172 16 
245 173 16 
246 174 16 
246 175 16 
246 176 16 
246 177 16 
246 178 16 
246 179 16 
246 180 16 
247 181 16 
248 181 16 
249 180 16 
250 180 16 
251 179 16 
252 179 16 
253 179 16 
254 178 16 
255 178 16 
256 179 16 
257 180 16 
258 181 16 
259 182 16 
259 183 16 
259 184 16 
259 185 16 
259 186 16 
259 187 16 
260 188 16 
260 189 16 
260 190 16 
260 191 16 
260 192 16 
260 193 16 
261 194 16 
262 193 16 
263 194 16 
264 195 16 
265 195 16 
266 195 16 
V
Segmentation 1
184 198 16 
185 197 16 
186 197 16 
187 197 16 
188 197 16 
189 197 16 
190 197 16 
191 196 16 
192 196 16 
193 196 16 
194 196 16 
195 195 16 
195 194 16 
195 193 16 
195 192 16 
195 191 16 
195 190 16 
195 189 16 
195 188 16 
195 187 16 
196 186 16 
196 185 16 
196 184 16 
196 183 16 
197 183 16 
198 182 16 
199 182 16 
200 181 16 
200 180 16 
201 179 16 
201 178 16 
201 177 16 
201 176 16 
200 175 16 
199 174 16 
199 173 16 
198 172 16 
197 171 16 
196 171 16 
195 171 16 
194 171 16 
193 171 16 
192 172 16 
192 173 16 
191 174 16 
191 175 16 
191 176 16 
190 177 16 
189 177 16 
188 178 16 
187 178 16 
186 178 16 
185 178 16 
184 177 16 
183 176 16 
182 176 16 
181 176 16 
180 176 16 
179 177 16 
178 178 16 
177 179 16 
177 180 16 
177 181 16 
177 182 16 
177 183 16 
177 184 16 
178 185 16 
179 186 16 
180 186 16 
181 187 16 
182 187 16 
182 188 16 
182 189 16 
182 190 16 
182 191 16 
181 192 16 
181 193 16 
181 194 16 
182 195 16 
183 196 16 
183 197 16 
184 198 16 
V
Segmentation 2
298 329 16 
299 328 16 
300 328 16 
301 327 16 
301 326 16 
302 325 16 
302 324 16 
302 323 16 
301 322 16 
300 322 16 
299 322 16 
298 322 16 
297 322 16 
297 321 16 
296 320 16 
295 320 16 
294 321 16 
293 321 16 
292 322 16 
291 323 16 
291 324 16 
291 325 16 
291 326 16 
291 327 16 
292 328 16 
293 329 16 
294 329 16 
295 329 16 
296 329 16 
297 329 16 
298 329 16 
V
Segmentation 3
289 349 16 
290 348 16 
290 347 16 
290 346 16 
290 345 16 
290 344 16 
290 343 16 
290 342 16 
290 341 16 
290 340 16 
290 339 16 
291 338 16 
292 337 16 
291 336 16 
291 335 16 
290 334 16 
290 333 16 
290 332 16 
289 331 16 
288 330 16 
287 329 16 
286 329 16 
285 329 16 
284 329 16 
283 330 16 
283 331 16 
283 332 16 
283 333 16 
282 334 16 
282 335 16 
282 336 16 
282 337 16 
282 338 16 
282 339 16 
282 340 16 
283 341 16 
283 342 16 
282 343 16 
282 344 16 
282 345 16 
282 346 16 
283 347 16 
284 347 16 
285 347 16 
286 348 16 
287 348 16 
288 349 16 
289 349 16 
V
Segmentation 4
256 350 16 
257 349 16 
257 348 16 
257 347 16 
257 346 16 
258 345 16 
258 344 16 
258 343 16 
257 342 16 
256 341 16 
255 340 16 
254 340 16 
253 339 16 
252 339 16 
251 340 16 
250 340 16 
249 341 16 
248 341 16 
247 342 16 
247 343 16 
247 344 16 
247 345 16 
248 346 16 
248 347 16 
249 348 16 
250 348 16 
251 349 16 
252 349 16 
253 349 16 
254 349 16 
255 349 16 
256 350 16 
V
Segmentation 5
175 382 16 
176 381 16 
177 381 16 
178 381 16 
179 380 16 
180 379 16 
181 378 16 
180 377 16 
179 376 16 
178 375 16 
178 374 16 
178 373 16 
178 372 16 
178 371 16 
178 370 16 
179 369 16 
179 368 16 
179 367 16 
179 366 16 
178 365 16 
178 364 16 
177 363 16 
177 362 16 
177 361 16 
176 360 16 
176 359 16 
176 358 16 
177 357 16 
178 357 16 
179 356 16 
180 356 16 
181 355 16 
181 354 16 
181 353 16 
181 352 16 
181 351 16 
181 350 16 
182 349 16 
181 348 16 
180 348 16 
179 348 16 
178 348 16 
177 348 16 
176 349 16 
175 348 16 
174 348 16 
173 348 16 
172 347 16 
171 347 16 
170 347 16 
169 346 16 
169 345 16 
169 344 16 
168 343 16 
167 343 16 
166 342 16 
165 342 16 
164 342 16 
163 343 16 
163 344 16 
163 345 16 
163 346 16 
163 347 16 
163 348 16 
164 349 16 
164 350 16 
164 351 16 
165 352 16 
165 353 16 
165 354 16 
165 355 16 
165 356 16 
165 357 16 
166 358 16 
166 359 16 
166 360 16 
166 361 16 
167 362 16 
167 363 16 
167 364 16 
167 365 16 
168 366 16 
168 367 16 
168 368 16 
169 369 16 
169 370 16 
169 371 16 
170 372 16 
170 373 16 
170 374 16 
170 375 16 
170 376 16 
170 377 16 
170 378 16 
171 379 16 
172 380 16 
172 381 16 
173 382 16 
174 382 16 
175 382 16 
V
Segmentation 6
289 380 16 
290 379 16 
291 378 16 
291 377 16 
291 376 16 
291 375 16 
291 374 16 
291 373 16 
291 372 16 
291 371 16 
292 370 16 
292 369 16 
292 368 16 
292 367 16 
292 366 16 
292 365 16 
293 364 16 
293 363 16 
294 363 16 
295 362 16 
296 362 16 
297 361 16 
297 360 16 
297 359 16 
297 358 16 
296 357 16 
295 356 16 
294 356 16 
293 355 16 
292 355 16 
291 354 16 
290 354 16 
290 353 16 
289 352 16 
288 351 16 
287 352 16 
286 353 16 
285 353 16 
284 354 16 
283 354 16 
282 355 16 
281 355 16 
281 354 16 
280 353 16 
280 352 16 
279 351 16 
280 350 16 
279 349 16 
278 349 16 
277 349 16 
276 349 16 
275 349 16 
274 349 16 
273 349 16 
272 350 16 
273 351 16 
273 352 16 
273 353 16 
273 354 16 
272 355 16 
271 355 16 
270 355 16 
269 355 16 
268 355 16 
267 356 16 
267 357 16 
266 358 16 
267 359 16 
267 360 16 
267 361 16 
266 362 16 
266 363 16 
265 363 16 
264 364 16 
264 365 16 
264 366 16 
264 367 16 
265 368 16 
265 369 16 
266 370 16 
267 371 16 
268 372 16 
269 372 16 
270 372 16 
271 373 16 
272 373 16 
272 374 16 
273 375 16 
274 376 16 
274 377 16 
275 378 16 
276 378 16 
277 379 16 
278 379 16 
279 379 16 
280 379 16 
281 378 16 
282 378 16 
283 379 16 
284 379 16 
285 380 16 
286 380 16 
287 380 16 
288 380 16 
289 380 16 
V
Segmentation 0
191 204 17 
192 203 17 
193 202 17 
193 201 17 
193 200 17 
192 199 17 
192 198 17 
191 197 17 
191 196 17 
191 195 17 
190 194 17 
189 193 17 
188 193 17 
187 194 17 
186 194 17 
185 193 17 
184 193 17 
183 192 17 
182 192 17 
181 191 17 
180 191 17 
180 190 17 
180 189 17 
180 188 17 
180 187 17 
181 187 17 
182 187 17 
183 186 17 
184 186 17 
185 185 17 
186 185 17 
187 185 17 
188 185 17 
189 186 17 
190 186 17 
191 186 17 
192 185 17 
192 184 17 
193 183 17 
194 182 17 
195 181 17 
196 181 17 
197 180 17 
198 180 17 
199 179 17 
199 178 17 
199 177 17 
199 176 17 
199 175 17 
199 174 17 
199 173 17 
199 172 17 
199 171 17 
199 170 17 
198 169 17 
197 169 17 
196 169 17 
195 168 17 
194 168 17 
193 168 17 
192 169 17 
191 169 17 
190 170 17 
189 169 17 
188 169 17 
187 168 17 
186 168 17 
185 168 17 
184 168 17 
183 169 17 
182 169 17 
181 170 17 
180 171 17 
181 172 17 
180 173 17 
180 174 17 
181 175 17 
181 176 17 
180 177 17 
179 177 17 
178 178 17 
177 179 17 
177 180 17 
177 181 17 
177 182 17 
177 183 17 
176 184 17 
176 185 17 
175 185 17 
174 186 17 
173 186 17 
172 187 17 
172 188 17 
172 189 17 
172 190 17 
172 191 17 
172 192 17 
172 193 17 
172 194 17 
173 195 17 
174 195 17 
175 195 17 
176 195 17 
177 195 17 
177 196 17 
177 197 17 
178 198 17 
178 199 17 
178 200 17 
179 201 17 
179 202 17 
180 203 17 
181 202 17 
182 202 17 
183 202 17 
184 201 17 
185 202 17 
186 203 17 
187 203 17 
188 204 17 
189 204 17 
190 204 17 
191 204 17 
V
Segmentation 1
266 202 17 
267 201 17 
268 201 17 
269 200 17 
269 199 17 
269 198 17 
269 197 17 
269 196 17 
269 195 17 
269 194 17 
270 193 17 
270 192 17 
270 191 17 
270 190 17 
271 189 17 
271 188 17 
270 187 17 
269 186 17 
268 185 17 
268 184 17 
268 183 17 
269 182 17 
269 181 17 
269 180 17 
269 179 17 
270 178 17 
271 177 17 
272 176 17 
272 175 17 
272 174 17 
271 173 17 
271 172 17 
271 171 17 
270 170 17 
269 169 17 
268 169 17 
267 168 17 
266 168 17 
265 168 17 
264 168 17 
263 168 17 
262 169 17 
261 169 17 
260 168 17 
259 168 17 
258 168 17 
257 168 17 
256 169 17 
255 170 17 
254 171 17 
254 172 17 
254 173 17 
253 174 17 
254 175 17 
254 176 17 
255 177 17 
256 177 17 
257 178 17 
258 179 17 
259 180 17 
259 181 17 
260 182 17 
260 183 17 
260 184 17 
261 185 17 
261 186 17 
262 187 17 
262 188 17 
263 189 17 
263 190 17 
263 191 17 
263 192 17 
263 193 17 
263 194 17 
262 195 17 
262 196 17 
262 197 17 
262 198 17 
262 199 17 
262 200 17 
262 201 17 
263 202 17 
264 202 17 
265 202 17 
266 202 17 
V
Segmentation 2
183 268 17 
184 267 17 
184 266 17 
184 265 17 
184 264 17 
183 263 17 
182 262 17 
182 261 17 
182 260 17 
182 259 17 
182 258 17 
182 257 17 
182 256 17 
182 255 17 
183 254 17 
184 253 17 
184 252 17 
184 251 17 
183 250 17 
182 249 17 
181 248 17 
180 248 17 
179 247 17 
178 248 17 
177 249 17 
177 250 17 
177 251 17 
176 252 17 
175 253 17 
175 254 17 
175 255 17 
175 256 17 
175 257 17 
174 258 17 
173 259 17 
173 260 17 
173 261 17 
174 262 17 
175 263 17 
175 264 17 
175 265 17 
176 266 17 
177 267 17 
178 267 17 
179 267 17 
180 267 17 
181 268 17 
182 268 17 
183 268 17 
V
Segmentation 3
151 329 17 
152 328 17 
153 327 17 
153 326 17 
154 325 17 
155 324 17 
155 323 17 
154 322 17 
153 321 17 
152 321 17 
151 320 17 
150 320 17 
149 320 17 
148 321 17 
147 321 17 
146 322 17 
145 323 17 
145 324 17 
146 325 17 
146 326 17 
147 327 17 
147 328 17 
148 329 17 
149 329 17 
150 329 17 
151 329 17 
V
Segmentation 4
292 374 17 
293 373 17 
294 372 17 
294 371 17 
293 370 17 
293 369 17 
293 368 17 
293 367 17 
293 366 17 
292 365 17 
291 364 17 
290 365 17 
290 364 17 
290 363 17 
290 362 17 
290 361 17 
290 360 17 
290 359 17 
290 358 17 
290 357 17 
291 357 17 
292 356 17 
293 356 17 
294 356 17 
295 356 17 
296 355 17 
296 354 17 
296 353 17 
296 352 17 
296 351 17 
296 350 17 
296 349 17 
296 348 17 
296 347 17 
297 347 17 
298 346 17 
298 345 17 
299 344 17 
299 343 17 
299 342 17 
299 341 17 
298 340 17 
297 339 17 
296 339 17 
295 339 17 
294 338 17 
293 337 17 
292 336 17 
291 337 17 
290 337 17 
289 336 17 
288 335 17 
287 334 17 
287 333 17 
286 332 17 
285 331 17 
284 330 17 
283 330 17 
282 330 17 
281 330 17 
280 331 17 
279 332 17 
279 333 17 
279 334 17 
279 335 17 
279 336 17 
279 337 17 
280 338 17 
279 339 17 
278 339 17 
277 340 17 
276 341 17 
275 341 17 
274 340 17 
273 339 17 
272 338 17 
271 338 17 
270 338 17 
269 339 17 
268 340 17 
267 340 17 
266 340 17 
265 339 17 
264 340 17 
264 341 17 
264 342 17 
265 343 17 
265 344 17 
265 345 17 
265 346 17 
264 347 17 
263 347 17 
262 348 17 
261 348 17 
260 348 17 
259 347 17 
258 347 17 
257 346 17 
256 346 17 
255 346 17 
254 347 17 
253 348 17 
253 349 17 
253 350 17 
253 351 17 
253 352 17 
253 353 17 
253 354 17 
253 355 17 
252 355 17 
251 356 17 
250 357 17 
249 358 17 
249 359 17 
249 360 17 
248 361 17 
248 362 17 
248 363 17 
249 364 17 
250 364 17 
251 364 17 
252 365 17 
253 365 17 
254 365 17 
255 366 17 
256 366 17 
257 365 17 
258 364 17 
259 363 17 
260 363 17 
261 364 17 
262 365 17 
263 365 17 
263 366 17 
264 367 17 
265 368 17 
265 369 17 
266 370 17 
266 371 17 
267 372 17 
268 372 17 
269 372 17 
270 372 17 
271 372 17 
272 373 17 
273 373 17 
274 373 17 
275 373 17 
276 373 17 
277 373 17 
278 373 17 
279 372 17 
280 372 17 
281 372 17 
282 372 17 
283 372 17 
284 372 17 
285 372 17 
286 372 17 
287 373 17 
288 373 17 
289 373 17 
290 373 17 
291 374 17 
292 374 17 
V
Segmentation 5
169 358 17 
170 357 17 
171 357 17 
172 356 17 
173 355 17 
174 355 17 
175 354 17 
176 353 17 
176 352 17 
176 351 17 
176 350 17 
175 349 17 
174 349 17 
173 349 17 
172 348 17 
171 348 17 
170 347 17 
169 347 17 
168 347 17 
168 346 17 
168 345 17 
169 344 17 
169 343 17 
169 342 17 
169 341 17 
168 340 17 
167 339 17 
166 339 17 
165 339 17 
164 339 17 
163 338 17 
162 338 17 
161 339 17 
160 339 17 
159 340 17 
159 341 17 
159 342 17 
159 343 17 
159 344 17 
160 345 17 
160 346 17 
160 347 17 
161 348 17 
162 348 17 
163 349 17 
164 349 17 
164 350 17 
164 351 17 
165 352 17 
165 353 17 
165 354 17 
166 355 17 
167 356 17 
168 357 17 
169 358 17 
V
Segmentation 6
179 380 17 
180 379 17 
180 378 17 
180 377 17 
180 376 17 
179 375 17 
179 374 17 
179 373 17 
180 372 17 
179 371 17 
178 371 17 
177 371 17 
176 371 17 
175 371 17 
175 370 17 
175 369 17 
175 368 17 
175 367 17 
175 366 17 
175 365 17 
174 364 17 
173 363 17 
172 363 17 
171 362 17 
170 362 17 
169 361 17 
168 362 17 
167 363 17 
167 364 17 
166 365 17 
166 366 17 
166 367 17 
166 368 17 
166 369 17 
166 370 17 
167 371 17 
168 372 17 
169 372 17 
169 373 17 
169 374 17 
169 375 17 
170 376 17 
170 377 17 
170 378 17 
171 379 17 
172 380 17 
173 380 17 
174 380 17 
175 380 17 
176 380 17 
177 380 17 
178 380 17 
179 380 17 
V
Segmentation 0
273 203 18 
274 202 18 
274 201 18 
274 200 18 
274 199 18 
274 198 18 
274 197 18 
274 196 18 
274 195 18 
273 194 18 
273 193 18 
273 192 18 
273 191 18 
273 190 18 
273 189 18 
273 188 18 
273 187 18 
274 186 18 
275 185 18 
276 184 18 
276 183 18 
276 182 18 
276 181 18 
276 180 18 
276 179 18 
276 178 18 
275 177 18 
274 177 18 
273 176 18 
272 175 18 
271 175 18 
270 174 18 
270 173 18 
270 172 18 
270 171 18 
270 170 18 
269 169 18 
268 168 18 
267 167 18 
266 166 18 
265 167 18 
264 168 18 
263 168 18 
262 168 18 
261 169 18 
260 169 18 
259 169 18 
258 169 18 
257 169 18 
256 170 18 
255 171 18 
254 171 18 
253 171 18 
252 170 18 
251 170 18 
250 170 18 
249 170 18 
248 171 18 
248 172 18 
248 173 18 
247 174 18 
247 175 18 
247 176 18 
247 177 18 
247 178 18 
247 179 18 
248 180 18 
249 180 18 
250 180 18 
251 180 18 
252 180 18 
253 180 18 
254 180 18 
255 180 18 
256 180 18 
257 180 18 
258 181 18 
258 182 18 
259 183 18 
260 184 18 
261 185 18 
261 186 18 
262 187 18 
262 188 18 
262 189 18 
263 190 18 
263 191 18 
263 192 18 
263 193 18 
263 194 18 
263 195 18 
263 196 18 
263 197 18 
263 198 18 
263 199 18 
263 200 18 
263 201 18 
263 202 18 
264 203 18 
265 203 18 
266 203 18 
267 203 18 
268 203 18 
269 203 18 
270 203 18 
271 203 18 
272 203 18 
273 203 18 
V
Segmentation 1
178 213 18 
179 212 18 
180 211 18 
181 210 18 
182 211 18 
183 211 18 
184 211 18 
185 211 18 
186 211 18 
187 211 18 
188 211 18 
189 210 18 
190 209 18 
191 208 18 
191 207 18 
192 206 18 
192 205 18 
192 204 18 
191 203 18 
191 202 18 
191 201 18 
191 200 18 
191 199 18 
191 198 18 
191 197 18 
191 196 18 
191 195 18 
191 194 18 
191 193 18 
190 192 18 
189 193 18 
188 193 18 
187 193 18 
186 194 18 
185 194 18 
184 194 18 
183 193 18 
182 193 18 
181 192 18 
180 192 18 
180 191 18 
180 190 18 
180 189 18 
180 188 18 
180 187 18 
181 187 18 
182 186 18 
183 186 18 
184 185 18 
185 185 18 
186 185 18 
187 186 18 
188 187 18 
189 187 18 
190 188 18 
191 189 18 
192 188 18 
193 187 18 
194 186 18 
195 185 18 
196 185 18 
197 185 18 
198 185 18 
199 185 18 
200 185 18 
201 185 18 
202 185 18 
203 184 18 
203 183 18 
203 182 18 
203 181 18 
203 180 18 
203 179 18 
203 178 18 
202 177 18 
201 177 18 
200 176 18 
199 176 18 
198 175 18 
197 175 18 
196 175 18 
195 176 18 
194 177 18 
193 177 18 
192 176 18 
191 176 18 
190 176 18 
189 177 18 
188 177 18 
187 177 18 
186 177 18 
185 177 18 
184 176 18 
183 176 18 
182 175 18 
181 176 18 
180 176 18 
179 177 18 
178 178 18 
177 178 18 
176 179 18 
176 180 18 
177 181 18 
177 182 18 
177 183 18 
177 184 18 
178 185 18 
177 186 18 
176 186 18 
175 187 18 
174 187 18 
173 188 18 
173 189 18 
173 190 18 
172 191 18 
172 192 18 
172 193 18 
172 194 18 
171 194 18 
170 195 18 
170 196 18 
170 197 18 
170 198 18 
170 199 18 
169 200 18 
169 201 18 
170 202 18 
171 203 18 
172 204 18 
173 204 18 
173 205 18 
173 206 18 
173 207 18 
172 208 18 
172 209 18 
172 210 18 
173 211 18 
174 211 18 
175 212 18 
176 212 18 
177 213 18 
178 213 18 
V
Segmentation 2
285 260 18 
286 259 18 
287 258 18 
288 257 18 
289 256 18 
289 255 18 
289 254 18 
289 253 18 
289 252 18 
290 251 18 
291 250 18 
292 249 18 
293 248 18 
293 247 18 
293 246 18 
293 245 18 
293 244 18 
293 243 18 
292 242 18 
291 242 18 
290 241 18 
289 241 18 
288 241 18 
287 241 18 
287 240 18 
287 239 18 
287 238 18 
286 237 18 
286 236 18 
287 236 18 
288 235 18 
289 234 18 
290 234 18 
291 233 18 
292 232 18 
291 231 18 
291 230 18 
291 229 18 
290 228 18 
289 227 18 
289 226 18 
289 225 18 
288 224 18 
288 223 18 
288 222 18 
288 221 18 
288 220 18 
288 219 18 
288 218 18 
287 217 18 
286 216 18 
285 216 18 
284 216 18 
283 217 18 
282 217 18 
281 218 18 
280 219 18 
279 220 18 
279 221 18 
279 222 18 
279 223 18 
279 224 18 
278 225 18 
277 226 18 
277 227 18 
276 228 18 
276 229 18 
276 230 18 
275 231 18 
275 232 18 
275 233 18 
274 234 18 
273 234 18 
272 234 18 
271 235 18 
270 236 18 
270 237 18 
270 238 18 
270 239 18 
270 240 18 
270 241 18 
271 242 18 
272 243 18 
273 243 18 
274 244 18 
275 244 18 
276 244 18 
276 245 18 
276 246 18 
276 247 18 
276 248 18 
275 249 18 
274 250 18 
273 251 18 
273 252 18 
274 253 18 
275 253 18 
276 254 18 
277 254 18 
277 255 18 
278 256 18 
279 257 18 
280 258 18 
281 259 18 
282 259 18 
283 260 18 
284 260 18 
285 260 18 
V
Segmentation 3
181 267 18 
182 266 18 
183 266 18 
184 265 18 
185 264 18 
185 263 18 
185 262 18 
185 261 18 
184 260 18 
184 259 18 
183 258 18 
182 257 18 
181 256 18 
181 255 18 
181 254 18 
182 253 18 
183 252 18 
183 251 18 
184 250 18 
183 249 18 
182 248 18 
182 247 18 
181 246 18 
180 247 18 
179 248 18 
178 248 18 
177 248 18 
176 248 18 
175 248 18 
174 249 18 
173 250 18 
172 250 18 
172 249 18 
172 248 18 
172 247 18 
172 246 18 
172 245 18 
172 244 18 
172 243 18 
172 242 18 
173 241 18 
174 241 18 
175 240 18 
175 239 18 
175 238 18 
175 237 18 
174 236 18 
174 235 18 
174 234 18 
173 233 18 
173 232 18 
173 231 18 
174 230 18 
175 229 18 
175 228 18 
174 227 18 
174 226 18 
174 225 18 
173 224 18 
173 223 18 
172 222 18 
172 221 18 
171 220 18 
170 220 18 
169 219 18 
168 219 18 
167 219 18 
166 220 18 
166 221 18 
166 222 18 
166 223 18 
165 224 18 
164 225 18 
164 226 18 
163 227 18 
163 228 18 
162 229 18 
162 230 18 
162 231 18 
162 232 18 
162 233 18 
161 234 18 
160 235 18 
159 235 18 
158 235 18 
157 236 18 
157 237 18 
157 238 18 
157 239 18 
157 240 18 
157 241 18 
157 242 18 
158 243 18 
159 243 18 
160 244 18 
161 244 18 
162 244 18 
163 244 18 
164 245 18 
163 246 18 
163 247 18 
163 248 18 
163 249 18 
163 250 18 
163 251 18 
162 252 18 
161 252 18 
160 252 18 
159 253 18 
158 254 18 
158 255 18 
158 256 18 
157 257 18 
157 258 18 
157 259 18 
157 260 18 
157 261 18 
157 262 18 
158 263 18 
159 263 18 
160 263 18 
161 263 18 
162 262 18 
163 263 18 
164 262 18 
164 261 18 
164 260 18 
164 259 18 
165 258 18 
165 257 18 
165 256 18 
165 255 18 
166 255 18 
167 256 18 
168 257 18 
168 258 18 
169 259 18 
170 260 18 
171 261 18 
172 262 18 
173 261 18 
174 261 18 
175 261 18 
176 262 18 
176 263 18 
176 264 18 
177 265 18 
178 266 18 
179 266 18 
180 267 18 
181 267 18 
V
Segmentation 4
272 310 18 
273 309 18 
274 308 18 
275 308 18 
276 307 18 
277 307 18 
278 306 18 
278 305 18 
278 304 18 
278 303 18 
278 302 18 
278 301 18 
277 300 18 
276 299 18 
275 298 18 
274 298 18 
273 297 18 
272 298 18 
271 298 18 
270 299 18 
269 299 18 
268 300 18 
268 301 18 
268 302 18 
268 303 18 
269 304 18 
269 305 18 
270 306 18 
270 307 18 
271 308 18 
271 309 18 
272 310 18 
V
Segmentation 5
161 324 18 
162 323 18 
163 323 18 
164 322 18 
165 321 18 
165 320 18 
165 319 18 
166 318 18 
166 317 18 
166 316 18 
165 315 18 
164 315 18 
163 315 18 
162 314 18 
161 313 18 
160 313 18 
159 314 18 
158 315 18 
157 316 18 
156 317 18 
156 318 18 
156 319 18 
156 320 18 
157 321 18 
158 322 18 
159 323 18 
160 324 18 
161 324 18 
V
Segmentation 6
278 358 18 
279 357 18 
279 356 18 
280 355 18 
280 354 18 
280 353 18 
280 352 18 
280 351 18 
281 350 18 
281 349 18 
282 349 18 
283 348 18 
283 347 18 
283 346 18 
283 345 18 
283 344 18 
283 343 18 
283 342 18 
283 341 18 
283 340 18 
284 340 18 
285 339 18 
286 339 18 
287 338 18 
288 337 18 
287 336 18 
287 335 18 
287 334 18 
286 333 18 
286 332 18 
286 331 18 
285 330 18 
284 329 18 
284 328 18 
284 327 18 
284 326 18 
284 325 18 
285 324 18 
286 323 18 
287 322 18 
287 321 18 
287 320 18 
288 319 18 
289 318 18 
288 317 18 
287 316 18 
286 316 18 
285 315 18 
284 315 18 
283 314 18 
282 314 18 
281 314 18 
280 315 18 
280 316 18 
280 317 18 
280 318 18 
280 319 18 
279 320 18 
279 321 18 
279 322 18 
279 323 18 
278 323 18 
277 323 18 
276 324 18 
275 325 18 
275 326 18 
275 327 18 
274 328 18 
274 329 18 
274 330 18 
273 331 18 
272 332 18 
271 332 18 
270 332 18 
269 332 18 
268 332 18 
267 332 18 
266 333 18 
265 333 18 
264 334 18 
263 335 18 
263 336 18 
263 337 18 
263 338 18 
263 339 18 
263 340 18 
264 341 18 
265 342 18 
266 343 18 
266 344 18 
266 345 18 
266 346 18 
265 347 18 
265 348 18 
265 349 18 
265 350 18 
265 351 18 
265 352 18 
265 353 18 
265 354 18 
265 355 18 
266 356 18 
267 356 18 
268 356 18 
269 356 18 
270 356 18 
271 356 18 
272 356 18 
273 356 18 
274 356 18 
275 357 18 
276 358 18 
277 358 18 
278 358 18 
V
Segmentation 7
177 336 18 
178 335 18 
179 334 18 
180 333 18 
180 332 18 
180 331 18 
180 330 18 
179 329 18 
179 328 18 
178 327 18 
177 326 18 
176 325 18 
175 324 18 
174 323 18 
173 324 18 
172 324 18 
171 325 18 
170 325 18 
169 326 18 
168 327 18 
168 328 18 
168 329 18 
168 330 18 
167 331 18 
168 332 18 
169 333 18 
170 333 18 
171 334 18 
172 335 18 
173 335 18 
174 335 18 
175 335 18 
176 336 18 
177 336 18 
V
Segmentation 8
170 358 18 
171 357 18 
172 357 18 
173 356 18 
174 355 18 
174 354 18 
173 353 18 
173 352 18 
173 351 18 
173 350 18 
173 349 18 
173 348 18 
173 347 18 
173 346 18 
173 345 18 
173 344 18 
173 343 18 
172 342 18 
171 342 18 
170 342 18 
169 341 18 
168 340 18 
167 340 18 
166 339 18 
165 339 18 
164 340 18 
163 340 18 
162 341 18 
162 342 18 
162 343 18 
162 344 18 
162 345 18 
162 346 18 
161 347 18 
162 348 18 
163 349 18 
164 349 18 
164 350 18 
164 351 18 
164 352 18 
165 353 18 
165 354 18 
166 355 18 
166 356 18 
167 357 18 
168 358 18 
169 358 18 
170 358 18 
V
Segmentation 0
182 236 19 
183 235 19 
184 235 19 
185 234 19 
186 234 19 
187 233 19 
187 232 19 
187 231 19 
187 230 19 
186 229 19 
186 228 19 
186 227 19 
186 226 19 
187 226 19 
188 226 19 
189 225 19 
190 225 19 
191 224 19 
192 223 19 
192 222 19 
192 221 19 
192 220 19 
191 219 19 
191 218 19 
191 217 19 
191 216 19 
191 215 19 
191 214 19 
191 213 19 
191 212 19 
191 211 19 
191 210 19 
191 209 19 
191 208 19 
191 207 19 
191 206 19 
191 205 19 
191 204 19 
191 203 19 
192 202 19 
192 201 19 
192 200 19 
192 199 19 
193 198 19 
193 197 19 
194 196 19 
194 195 19 
195 194 19 
196 193 19 
196 192 19 
197 191 19 
197 190 19 
197 189 19 
198 188 19 
198 187 19 
197 186 19 
196 185 19 
195 185 19 
194 184 19 
193 183 19 
193 182 19 
194 181 19 
194 180 19 
194 179 19 
193 178 19 
192 177 19 
191 176 19 
190 175 19 
189 175 19 
188 176 19 
187 176 19 
186 176 19 
185 177 19 
184 178 19 
184 179 19 
184 180 19 
184 181 19 
184 182 19 
184 183 19 
183 184 19 
182 184 19 
181 185 19 
180 185 19 
179 185 19 
178 184 19 
177 184 19 
176 184 19 
175 184 19 
174 185 19 
173 186 19 
173 187 19 
173 188 19 
173 189 19 
173 190 19 
173 191 19 
173 192 19 
173 193 19 
174 194 19 
175 195 19 
176 195 19 
176 196 19 
176 197 19 
176 198 19 
176 199 19 
176 200 19 
176 201 19 
175 202 19 
174 202 19 
173 203 19 
172 203 19 
171 204 19 
171 205 19 
172 206 19 
172 207 19 
172 208 19 
172 209 19 
172 210 19 
172 211 19 
173 212 19 
174 212 19 
175 212 19 
175 213 19 
176 214 19 
176 215 19 
177 216 19 
177 217 19 
177 218 19 
177 219 19 
177 220 19 
177 221 19 
177 222 19 
177 223 19 
177 224 19 
178 225 19 
178 226 19 
178 227 19 
178 228 19 
178 229 19 
177 230 19 
177 231 19 
177 232 19 
178 233 19 
179 234 19 
180 235 19 
181 236 19 
182 236 19 
V
Segmentation 1
262 207 19 
263 206 19 
263 205 19 
264 205 19 
265 204 19 
266 204 19 
267 203 19 
268 203 19 
269 202 19 
270 202 19 
271 203 19 
272 203 19 
273 204 19 
274 203 19 
275 202 19 
275 201 19 
276 200 19 
275 199 19 
275 198 19 
275 197 19 
275 196 19 
275 195 19 
274 194 19 
274 193 19 
273 192 19 
273 191 19 
273 190 19 
273 189 19 
273 188 19 
273 187 19 
273 186 19 
272 185 19 
271 184 19 
270 183 19 
270 182 19 
270 181 19 
269 180 19 
268 179 19 
267 178 19 
266 178 19 
265 178 19 
264 178 19 
263 177 19 
262 177 19 
261 177 19 
260 177 19 
259 177 19 
258 177 19 
257 177 19 
256 177 19 
255 176 19 
254 176 19 
253 177 19 
252 177 19 
251 178 19 
250 179 19 
250 180 19 
250 181 19 
250 182 19 
250 183 19 
250 184 19 
250 185 19 
251 186 19 
252 187 19 
253 187 19 
254 188 19 
255 189 19 
255 190 19 
256 191 19 
256 192 19 
257 193 19 
258 194 19 
259 195 19 
259 196 19 
260 197 19 
260 198 19 
260 199 19 
260 200 19 
260 201 19 
260 202 19 
261 203 19 
261 204 19 
261 205 19 
261 206 19 
262 207 19 
V
Segmentation 2
264 219 19 
265 218 19 
266 218 19 
267 217 19 
268 216 19 
268 215 19 
268 214 19 
268 213 19 
268 212 19 
268 211 19 
267 210 19 
266 210 19 
265 209 19 
264 209 19 
263 208 19 
262 208 19 
261 209 19 
261 210 19 
261 211 19 
260 212 19 
260 213 19 
260 214 19 
260 215 19 
260 216 19 
260 217 19 
261 218 19 
262 219 19 
263 219 19 
264 219 19 
V
Segmentation 3
295 267 19 
296 266 19 
297 265 19 
297 264 19 
297 263 19 
298 262 19 
298 261 19 
299 260 19 
300 259 19 
299 258 19 
298 257 19 
297 256 19 
297 255 19 
297 254 19 
297 253 19 
298 252 19 
298 251 19 
299 250 19 
299 249 19 
299 248 19 
300 247 19 
300 246 19 
300 245 19 
300 244 19 
299 243 19 
298 242 19 
297 241 19 
296 240 19 
296 239 19 
297 238 19 
298 237 19 
298 236 19 
297 235 19 
297 234 19 
297 233 19 
297 232 19 
297 231 19 
297 230 19 
297 229 19 
296 228 19 
295 227 19 
294 226 19 
293 225 19 
292 225 19 
291 225 19 
290 225 19 
289 225 19 
288 225 19 
288 224 19 
287 223 19 
287 222 19 
287 221 19 
286 220 19 
286 219 19 
285 218 19 
286 217 19 
286 216 19 
286 215 19 
285 214 19 
285 213 19 
284 212 19 
283 211 19 
282 210 19 
281 210 19 
280 210 19 
279 210 19 
278 211 19 
277 211 19 
276 211 19 
275 211 19 
274 211 19 
273 212 19 
273 213 19 
273 214 19 
273 215 19 
273 216 19 
273 217 19 
274 218 19 
275 218 19 
276 219 19 
277 219 19 
278 220 19 
278 221 19 
278 222 19 
278 223 19 
278 224 19 
278 225 19 
278 226 19 
278 227 19 
277 228 19 
277 229 19 
277 230 19 
277 231 19 
277 232 19 
276 233 19 
276 234 19 
275 234 19 
274 234 19 
273 234 19 
272 234 19 
271 234 19 
270 234 19 
269 235 19 
269 236 19 
269 237 19 
269 238 19 
269 239 19 
269 240 19 
269 241 19 
269 242 19 
270 243 19 
271 243 19 
272 243 19 
273 243 19 
274 243 19 
275 243 19 
276 243 19 
277 244 19 
277 245 19 
277 246 19 
277 247 19 
277 248 19 
278 249 19 
278 250 19 
278 251 19 
278 252 19 
277 253 19 
277 254 19 
278 255 19 
279 256 19 
280 257 19 
280 258 19 
280 259 19 
281 260 19 
281 261 19 
282 262 19 
283 263 19 
284 264 19 
285 264 19 
286 265 19 
287 265 19 
288 265 19 
289 265 19 
290 266 19 
291 266 19 
292 266 19 
293 266 19 
294 266 19 
295 267 19 
V
Segmentation 4
156 285 19 
157 284 19 
158 283 19 
158 282 19 
158 281 19 
159 280 19 
160 281 19 
161 281 19 
162 282 19 
163 282 19 
164 283 19 
165 283 19 
166 283 19 
167 283 19 
168 282 19 
169 282 19 
170 281 19 
171 280 19 
171 279 19 
171 278 19 
171 277 19 
171 276 19 
171 275 19 
172 274 19 
172 273 19 
172 272 19 
172 271 19 
173 270 19 
174 269 19 
175 268 19 
175 267 19 
176 267 19 
177 266 19 
178 265 19 
178 264 19 
178 263 19 
178 262 19 
178 261 19 
178 260 19 
178 259 19 
178 258 19 
179 257 19 
179 256 19 
178 255 19 
177 254 19 
176 253 19 
175 252 19 
174 252 19 
173 251 19 
173 250 19 
172 249 19 
172 248 19 
172 247 19 
172 246 19 
172 245 19 
172 244 19 
171 243 19 
170 242 19 
169 241 19 
168 240 19 
167 239 19 
167 238 19 
167 237 19 
167 236 19 
166 235 19 
165 235 19 
164 234 19 
163 234 19 
162 234 19 
161 234 19 
160 235 19 
159 236 19 
158 237 19 
158 238 19 
158 239 19 
158 240 19 
157 241 19 
156 242 19 
155 242 19 
154 243 19 
153 244 19 
153 245 19 
153 246 19 
153 247 19 
153 248 19 
153 249 19 
154 250 19 
155 250 19 
156 250 19 
157 251 19 
158 252 19 
159 252 19 
159 253 19 
159 254 19 
158 255 19 
158 256 19 
158 257 19 
158 258 19 
158 259 19 
157 260 19 
157 261 19 
157 262 19 
157 263 19 
158 264 19 
158 265 19 
158 266 19 
157 266 19 
156 267 19 
155 267 19 
154 267 19 
153 267 19 
152 267 19 
151 267 19 
150 268 19 
150 269 19 
150 270 19 
150 271 19 
150 272 19 
151 273 19 
151 274 19 
152 275 19 
152 276 19 
152 277 19 
152 278 19 
152 279 19 
152 280 19 
152 281 19 
153 282 19 
154 283 19 
155 284 19 
156 285 19 
V
Segmentation 5
316 260 19 
317 259 19 
318 258 19 
319 258 19 
320 257 19 
320 256 19 
320 255 19 
320 254 19 
320 253 19 
320 252 19 
319 251 19 
318 250 19 
317 250 19 
317 249 19 
317 248 19 
316 247 19 
315 247 19 
314 247 19 
313 248 19 
313 249 19 
312 250 19 
311 251 19 
310 252 19 
310 253 19 
310 254 19 
310 255 19 
310 256 19 
310 257 19 
311 258 19 
312 258 19 
313 259 19 
314 259 19 
315 260 19 
316 260 19 
V
Segmentation 6
280 357 19 
281 356 19 
281 355 19 
281 354 19 
280 353 19 
280 352 19 
281 351 19 
282 350 19 
282 349 19 
283 348 19 
284 347 19 
285 346 19 
285 345 19 
285 344 19 
286 343 19 
286 342 19 
286 341 19 
286 340 19 
285 339 19 
286 338 19 
287 337 19 
287 336 19 
287 335 19 
287 334 19 
288 333 19 
289 332 19 
289 331 19 
290 330 19 
290 329 19 
290 328 19 
290 327 19 
290 326 19 
290 325 19 
291 324 19 
292 324 19 
293 324 19 
294 323 19 
295 323 19 
296 322 19 
296 321 19 
296 320 19 
295 319 19 
294 318 19 
293 317 19 
292 316 19 
291 315 19 
290 315 19 
289 314 19 
288 314 19 
287 314 19 
286 314 19 
285 314 19 
284 314 19 
283 314 19 
282 314 19 
281 315 19 
280 315 19 
279 316 19 
278 316 19 
277 316 19 
276 315 19 
275 314 19 
275 313 19 
275 312 19 
275 311 19 
275 310 19 
275 309 19 
276 308 19 
277 308 19 
278 307 19 
279 306 19 
279 305 19 
279 304 19 
279 303 19 
279 302 19 
279 301 19 
278 300 19 
277 299 19 
276 299 19 
275 298 19 
275 297 19 
275 296 19 
275 295 19 
275 294 19 
275 293 19 
275 292 19 
274 291 19 
273 291 19 
272 290 19 
271 290 19 
270 289 19 
270 288 19 
270 287 19 
270 286 19 
270 285 19 
269 284 19 
269 283 19 
269 282 19 
270 281 19 
270 280 19 
270 279 19 
270 278 19 
269 277 19 
268 276 19 
267 275 19 
266 275 19 
265 275 19 
264 275 19 
263 274 19 
262 274 19 
261 275 19 
260 276 19 
259 277 19 
259 278 19 
259 279 19 
260 280 19 
260 281 19 
260 282 19 
261 283 19 
261 284 19 
262 285 19 
262 286 19 
262 287 19 
263 288 19 
263 289 19 
263 290 19 
263 291 19 
263 292 19 
264 293 19 
264 294 19 
265 295 19 
265 296 19 
265 297 19 
265 298 19 
266 299 19 
266 300 19 
266 301 19 
266 302 19 
266 303 19 
267 304 19 
267 305 19 
267 306 19 
268 307 19 
268 308 19 
268 309 19 
268 310 19 
268 311 19 
268 312 19 
268 313 19 
269 314 19 
269 315 19 
270 316 19 
271 317 19 
271 318 19 
271 319 19 
270 320 19 
270 321 19 
269 322 19 
268 323 19 
267 323 19 
266 323 19 
265 322 19 
264 322 19 
263 323 19 
262 323 19 
261 323 19 
260 324 19 
259 325 19 
259 326 19 
259 327 19 
259 328 19 
259 329 19 
259 330 19 
259 331 19 
260 332 19 
261 332 19 
262 333 19 
263 333 19 
264 334 19 
263 335 19 
263 336 19 
263 337 19 
264 338 19 
264 339 19 
265 340 19 
266 341 19 
266 342 19 
266 343 19 
266 344 19 
267 345 19 
267 346 19 
266 346 19 
265 347 19 
264 348 19 
263 349 19 
263 350 19 
263 351 19 
263 352 19 
263 353 19 
263 354 19 
263 355 19 
264 356 19 
265 357 19 
266 357 19 
267 357 19 
268 357 19 
269 356 19 
270 356 19 
271 356 19 
272 356 19 
273 357 19 
274 357 19 
275 357 19 
276 357 19 
277 357 19 
278 357 19 
279 357 19 
280 357 19 
V
Segmentation 7
178 309 19 
179 308 19 
180 308 19 
181 308 19 
182 308 19 
183 307 19 
184 307 19 
185 306 19 
185 305 19 
185 304 19 
185 303 19 
185 302 19 
185 301 19 
185 300 19 
186 299 19 
186 298 19 
187 297 19 
187 296 19 
187 295 19 
188 294 19 
188 293 19 
188 292 19 
189 291 19 
189 290 19 
189 289 19 
190 288 19 
190 287 19 
190 286 19 
191 285 19 
190 284 19 
189 283 19 
188 283 19 
187 282 19 
186 282 19 
185 282 19 
184 283 19 
183 283 19 
182 284 19 
181 285 19 
180 286 19 
180 287 19 
180 288 19 
180 289 19 
180 290 19 
179 291 19 
178 291 19 
177 292 19 
177 293 19 
177 294 19 
177 295 19 
177 296 19 
177 297 19 
177 298 19 
176 298 19 
175 299 19 
174 300 19 
174 301 19 
174 302 19 
174 303 19 
174 304 19 
174 305 19 
174 306 19 
175 307 19 
176 308 19 
177 309 19 
178 309 19 
V
Segmentation 8
191 365 19 
192 364 19 
193 363 19 
193 362 19 
193 361 19 
193 360 19 
193 359 19 
193 358 19 
193 357 19 
193 356 19 
194 356 19 
195 355 19 
196 355 19 
197 355 19 
198 354 19 
198 353 19 
198 352 19 
198 351 19 
198 350 19 
199 349 19 
199 348 19 
199 347 19 
198 346 19 
197 346 19 
196 345 19 
195 344 19 
194 344 19 
193 343 19 
193 342 19 
192 341 19 
193 340 19 
193 339 19 
193 338 19 
193 337 19 
192 336 19 
191 335 19 
191 334 19 
190 333 19 
189 332 19 
189 331 19 
188 330 19 
187 329 19 
186 328 19 
185 327 19 
184 326 19 
183 326 19 
182 325 19 
181 325 19 
180 325 19 
179 325 19 
178 324 19 
177 324 19 
176 324 19 
175 324 19 
175 323 19 
175 322 19 
175 321 19 
175 320 19 
175 319 19 
175 318 19 
174 317 19 
173 317 19 
172 317 19 
171 316 19 
170 316 19 
169 316 19 
168 316 19 
167 316 19 
166 315 19 
165 314 19 
164 313 19 
163 313 19 
162 312 19 
161 313 19 
160 313 19 
159 314 19 
158 315 19 
157 316 19 
157 317 19 
157 318 19 
157 319 19 
158 320 19 
159 321 19 
160 322 19 
160 323 19 
161 324 19 
162 324 19 
163 324 19 
164 324 19 
165 324 19 
166 325 19 
167 326 19 
168 327 19 
169 328 19 
168 329 19 
167 330 19 
166 331 19 
166 332 19 
165 333 19 
164 334 19 
163 335 19 
163 336 19 
164 337 19 
165 338 19 
166 338 19 
167 338 19 
168 339 19 
169 339 19 
170 340 19 
170 341 19 
171 342 19 
171 343 19 
171 344 19 
172 345 19 
172 346 19 
173 347 19 
173 348 19 
173 349 19 
173 350 19 
173 351 19 
174 352 19 
173 353 19 
173 354 19 
173 355 19 
172 356 19 
173 357 19 
174 357 19 
175 357 19 
176 358 19 
177 359 19 
178 359 19 
179 359 19 
180 359 19 
181 359 19 
182 359 19 
183 360 19 
183 361 19 
184 362 19 
184 363 19 
185 364 19 
186 365 19 
187 365 19 
188 365 19 
189 365 19 
190 365 19 
191 365 19 
V
Segmentation 9
324 339 19 
325 338 19 
326 337 19 
326 336 19 
327 335 19 
327 334 19 
327 333 19 
327 332 19 
327 331 19 
327 330 19 
326 329 19 
325 329 19 
324 328 19 
323 328 19 
322 328 19 
321 329 19 
320 330 19 
319 331 19 
319 332 19 
319 333 19 
319 334 19 
319 335 19 
319 336 19 
319 337 19 
320 338 19 
321 338 19 
322 339 19 
323 339 19 
324 339 19 
V
Segmentation 10
294 355 19 
295 354 19 
295 353 19 
295 352 19 
296 351 19 
296 350 19 
296 349 19 
295 348 19 
294 347 19 
293 346 19 
292 346 19 
291 346 19 
290 346 19 
289 346 19 
288 347 19 
288 348 19 
287 349 19 
287 350 19 
288 351 19 
288 352 19 
288 353 19 
288 354 19 
289 355 19 
290 355 19 
291 355 19 
292 355 19 
293 355 19 
294 355 19 
V
Segmentation 11
163 374 19 
164 373 19 
165 372 19 
166 371 19 
167 370 19 
167 369 19 
167 368 19 
167 367 19 
167 366 19 
167 365 19 
166 364 19 
166 363 19 
165 362 19 
164 361 19 
163 360 19 
162 361 19 
161 361 19 
160 362 19 
159 363 19 
158 364 19 
158 365 19 
157 365 19 
156 365 19 
155 364 19 
154 364 19 
153 364 19 
152 365 19 
151 366 19 
150 366 19 
149 367 19 
149 368 19 
149 369 19 
149 370 19 
149 371 19 
149 372 19 
150 373 19 
151 374 19 
152 374 19 
153 374 19 
154 374 19 
155 373 19 
156 373 19 
157 373 19 
158 373 19 
159 373 19 
160 374 19 
161 374 19 
162 374 19 
163 374 19 
V
Segmentation 0
263 236 20 
264 235 20 
265 235 20 
266 235 20 
267 235 20 
268 235 20 
269 235 20 
270 234 20 
270 233 20 
270 232 20 
270 231 20 
270 230 20 
269 229 20 
269 228 20 
270 227 20 
270 226 20 
271 225 20 
271 224 20 
271 223 20 
271 222 20 
272 221 20 
272 220 20 
273 219 20 
273 218 20 
274 217 20 
274 216 20 
275 216 20 
276 217 20 
277 218 20 
278 219 20 
279 220 20 
280 221 20 
281 221 20 
282 221 20 
283 220 20 
284 220 20 
285 219 20 
285 218 20 
285 217 20 
285 216 20 
285 215 20 
285 214 20 
285 213 20 
284 212 20 
283 211 20 
282 211 20 
281 211 20 
280 211 20 
279 211 20 
278 211 20 
277 212 20 
276 212 20 
275 212 20 
275 211 20 
275 210 20 
275 209 20 
274 208 20 
274 207 20 
274 206 20 
275 205 20 
275 204 20 
275 203 20 
275 202 20 
275 201 20 
276 200 20 
276 199 20 
276 198 20 
275 197 20 
274 196 20 
273 195 20 
272 195 20 
271 194 20 
271 193 20 
271 192 20 
271 191 20 
271 190 20 
272 189 20 
272 188 20 
271 187 20 
270 187 20 
269 186 20 
268 186 20 
267 185 20 
266 185 20 
266 184 20 
266 183 20 
267 183 20 
268 182 20 
269 181 20 
270 180 20 
271 179 20 
270 178 20 
269 177 20 
268 177 20 
267 177 20 
266 178 20 
265 178 20 
264 178 20 
263 179 20 
262 180 20 
262 181 20 
261 182 20 
260 182 20 
259 182 20 
258 182 20 
257 183 20 
257 184 20 
256 185 20 
256 186 20 
255 187 20 
254 188 20 
255 189 20 
255 190 20 
255 191 20 
255 192 20 
254 192 20 
253 193 20 
252 193 20 
251 194 20 
250 195 20 
250 196 20 
250 197 20 
250 198 20 
250 199 20 
250 200 20 
250 201 20 
250 202 20 
251 203 20 
252 204 20 
253 205 20 
253 206 20 
253 207 20 
254 208 20 
254 209 20 
255 210 20 
255 211 20 
255 212 20 
256 213 20 
257 213 20 
258 214 20 
258 215 20 
258 216 20 
259 217 20 
259 218 20 
259 219 20 
259 220 20 
259 221 20 
259 222 20 
259 223 20 
259 224 20 
259 225 20 
259 226 20 
259 227 20 
259 228 20 
259 229 20 
259 230 20 
259 231 20 
259 232 20 
259 233 20 
259 234 20 
259 235 20 
260 236 20 
261 236 20 
262 236 20 
263 236 20 
V
Segmentation 1
188 355 20 
189 354 20 
190 353 20 
191 352 20 
192 351 20 
193 350 20 
193 349 20 
193 348 20 
193 347 20 
193 346 20 
193 345 20 
193 344 20 
193 343 20 
194 342 20 
194 341 20 
195 341 20 
196 341 20 
197 340 20 
198 340 20 
199 339 20 
199 338 20 
199 337 20 
199 336 20 
199 335 20 
199 334 20 
199 333 20 
199 332 20 
198 331 20 
197 331 20 
196 331 20 
195 330 20 
194 330 20 
194 329 20 
194 328 20 
194 327 20 
194 326 20 
193 325 20 
192 324 20 
191 323 20 
190 322 20 
191 321 20 
191 320 20 
191 319 20 
192 318 20 
193 317 20 
194 316 20 
194 315 20 
193 314 20 
193 313 20 
192 312 20 
192 311 20 
191 310 20 
190 309 20 
190 308 20 
190 307 20 
190 306 20 
191 305 20 
191 304 20 
191 303 20 
191 302 20 
191 301 20 
190 300 20 
189 299 20 
188 298 20 
187 298 20 
186 297 20 
186 296 20 
186 295 20 
186 294 20 
186 293 20 
186 292 20 
187 292 20 
188 292 20 
189 291 20 
190 291 20 
191 290 20 
192 290 20 
193 289 20 
193 288 20 
193 287 20 
193 286 20 
193 285 20 
192 284 20 
192 283 20 
192 282 20 
192 281 20 
192 280 20 
192 279 20 
192 278 20 
192 277 20 
192 276 20 
192 275 20 
192 274 20 
192 273 20 
192 272 20 
193 271 20 
193 270 20 
193 269 20 
193 268 20 
193 267 20 
193 266 20 
193 265 20 
193 264 20 
193 263 20 
193 262 20 
193 261 20 
193 260 20 
193 259 20 
193 258 20 
193 257 20 
193 256 20 
193 255 20 
193 254 20 
194 253 20 
194 252 20 
194 251 20 
194 250 20 
195 249 20 
195 248 20 
195 247 20 
195 246 20 
195 245 20 
195 244 20 
195 243 20 
195 242 20 
195 241 20 
195 240 20 
195 239 20 
195 238 20 
195 237 20 
195 236 20 
194 235 20 
194 234 20 
194 233 20 
194 232 20 
194 231 20 
194 230 20 
194 229 20 
194 228 20 
194 227 20 
194 226 20 
194 225 20 
194 224 20 
194 223 20 
194 222 20 
194 221 20 
194 220 20 
194 219 20 
194 218 20 
194 217 20 
194 216 20 
195 215 20 
195 214 20 
195 213 20 
196 212 20 
197 211 20 
198 210 20 
198 209 20 
199 208 20 
200 207 20 
200 206 20 
201 205 20 
200 204 20 
199 203 20 
198 203 20 
197 202 20 
196 202 20 
195 201 20 
195 200 20 
195 199 20 
195 198 20 
195 197 20 
195 196 20 
195 195 20 
195 194 20 
194 193 20 
193 192 20 
192 192 20 
191 191 20 
191 190 20 
191 189 20 
190 188 20 
189 187 20 
188 186 20 
187 185 20 
186 185 20 
185 184 20 
184 183 20 
183 183 20 
182 183 20 
181 183 20 
180 183 20 
179 184 20 
178 185 20 
177 186 20 
177 187 20 
176 188 20 
176 189 20 
176 190 20 
176 191 20 
175 192 20 
174 192 20 
173 193 20 
172 193 20 
171 193 20 
170 194 20 
169 195 20 
169 196 20 
168 197 20 
168 198 20 
168 199 20 
168 200 20 
168 201 20 
168 202 20 
168 203 20 
169 204 20 
170 205 20 
171 206 20 
171 207 20 
170 208 20 
169 209 20 
168 210 20 
168 211 20 
168 212 20 
168 213 20 
168 214 20 
168 215 20 
167 216 20 
167 217 20 
167 218 20 
167 219 20 
167 220 20 
167 221 20 
167 222 20 
167 223 20 
167 224 20 
167 225 20 
166 226 20 
165 227 20 
164 228 20 
164 229 20 
163 230 20 
162 231 20 
162 232 20 
162 233 20 
161 234 20 
160 234 20 
159 234 20 
158 234 20 
157 235 20 
157 236 20 
157 237 20 
157 238 20 
157 239 20 
156 240 20 
156 241 20 
157 242 20 
158 242 20 
159 243 20 
160 243 20 
161 243 20 
162 244 20 
163 244 20 
162 245 20 
162 246 20 
163 247 20 
163 248 20 
163 249 20 
163 250 20 
163 251 20 
162 252 20 
162 253 20 
162 254 20 
162 255 20 
163 256 20 
164 257 20 
165 257 20 
166 257 20 
167 258 20 
168 258 20 
169 257 20 
170 256 20 
171 256 20 
172 255 20 
172 254 20 
173 253 20 
173 252 20 
174 252 20 
175 251 20 
176 251 20 
177 250 20 
178 250 20 
179 250 20 
180 250 20 
181 251 20 
182 252 20 
182 253 20 
182 254 20 
182 255 20 
182 256 20 
182 257 20 
182 258 20 
182 259 20 
182 260 20 
182 261 20 
182 262 20 
182 263 20 
182 264 20 
182 265 20 
182 266 20 
182 267 20 
182 268 20 
182 269 20 
182 270 20 
182 271 20 
182 272 20 
182 273 20 
182 274 20 
181 274 20 
180 274 20 
179 275 20 
178 276 20 
177 277 20 
177 278 20 
177 279 20 
177 280 20 
176 281 20 
175 281 20 
174 282 20 
173 283 20 
172 284 20 
173 285 20 
173 286 20 
173 287 20 
174 288 20 
174 289 20 
174 290 20 
175 291 20 
176 292 20 
176 293 20 
176 294 20 
176 295 20 
176 296 20 
177 297 20 
177 298 20 
178 299 20 
179 299 20 
180 299 20 
181 300 20 
181 301 20 
181 302 20 
181 303 20 
181 304 20 
181 305 20 
181 306 20 
181 307 20 
181 308 20 
180 309 20 
180 310 20 
179 311 20 
179 312 20 
179 313 20 
180 314 20 
181 315 20 
182 316 20 
182 317 20 
183 318 20 
182 319 20 
181 320 20 
181 321 20 
180 322 20 
180 323 20 
179 324 20 
178 324 20 
177 325 20 
177 326 20 
177 327 20 
176 328 20 
176 329 20 
175 330 20 
175 331 20 
174 332 20 
174 333 20 
174 334 20 
174 335 20 
173 336 20 
173 337 20 
173 338 20 
173 339 20 
173 340 20 
174 341 20 
175 342 20 
176 342 20 
177 343 20 
177 344 20 
178 345 20 
178 346 20 
179 347 20 
180 348 20 
181 349 20 
182 350 20 
183 351 20 
183 352 20 
184 353 20 
184 354 20 
185 355 20 
186 355 20 
187 355 20 
188 355 20 
V
Segmentation 2
289 256 20 
290 255 20 
290 254 20 
290 253 20 
290 252 20 
291 252 20 
292 251 20 
292 250 20 
292 249 20 
292 248 20 
292 247 20 
292 246 20 
292 245 20 
292 244 20 
292 243 20 
292 242 20 
292 241 20 
292 240 20 
292 239 20 
292 238 20 
292 237 20 
292 236 20 
292 235 20 
291 234 20 
290 234 20 
289 234 20 
288 234 20 
287 233 20 
286 233 20 
286 232 20 
285 231 20 
285 230 20 
285 229 20 
284 228 20 
283 227 20 
282 227 20 
281 227 20 
280 227 20 
279 227 20 
278 228 20 
277 229 20 
277 230 20 
277 231 20 
276 232 20 
276 233 20 
276 234 20 
277 235 20 
278 236 20 
279 237 20 
280 238 20 
279 239 20 
279 240 20 
278 241 20 
278 242 20 
277 243 20 
277 244 20 
277 245 20 
277 246 20 
277 247 20 
277 248 20 
277 249 20 
277 250 20 
278 251 20 
278 252 20 
279 253 20 
280 253 20 
281 254 20 
282 255 20 
283 256 20 
284 256 20 
285 256 20 
286 256 20 
287 256 20 
288 256 20 
289 256 20 
V
Segmentation 3
267 308 20 
268 307 20 
269 307 20 
270 307 20 
271 306 20 
272 305 20 
272 304 20 
271 303 20 
271 302 20 
271 301 20 
271 300 20 
271 299 20 
270 298 20 
269 297 20 
270 296 20 
270 295 20 
271 294 20 
272 293 20 
272 292 20 
272 291 20 
272 290 20 
271 289 20 
271 288 20 
272 287 20 
272 286 20 
272 285 20 
272 284 20 
272 283 20 
272 282 20 
271 281 20 
271 280 20 
270 279 20 
269 278 20 
269 277 20 
269 276 20 
269 275 20 
270 274 20 
270 273 20 
270 272 20 
270 271 20 
270 270 20 
270 269 20 
270 268 20 
270 267 20 
269 266 20 
268 265 20 
268 264 20 
268 263 20 
268 262 20 
268 261 20 
269 260 20 
269 259 20 
269 258 20 
270 257 20 
271 256 20 
271 255 20 
271 254 20 
271 253 20 
271 252 20 
271 251 20 
270 250 20 
270 249 20 
270 248 20 
270 247 20 
270 246 20 
270 245 20 
270 244 20 
270 243 20 
269 242 20 
268 242 20 
267 242 20 
266 242 20 
265 242 20 
264 242 20 
263 242 20 
262 242 20 
261 243 20 
260 244 20 
260 245 20 
260 246 20 
260 247 20 
260 248 20 
260 249 20 
260 250 20 
260 251 20 
260 252 20 
260 253 20 
260 254 20 
260 255 20 
260 256 20 
260 257 20 
260 258 20 
261 259 20 
261 260 20 
261 261 20 
261 262 20 
261 263 20 
261 264 20 
261 265 20 
261 266 20 
261 267 20 
261 268 20 
261 269 20 
261 270 20 
261 271 20 
261 272 20 
261 273 20 
261 274 20 
261 275 20 
261 276 20 
262 277 20 
262 278 20 
262 279 20 
262 280 20 
262 281 20 
262 282 20 
262 283 20 
262 284 20 
262 285 20 
262 286 20 
263 287 20 
263 288 20 
263 289 20 
263 290 20 
263 291 20 
263 292 20 
263 293 20 
264 294 20 
264 295 20 
264 296 20 
264 297 20 
264 298 20 
264 299 20 
264 300 20 
263 301 20 
263 302 20 
263 303 20 
263 304 20 
263 305 20 
263 306 20 
264 307 20 
265 308 20 
266 308 20 
267 308 20 
V
Segmentation 4
297 276 20 
298 275 20 
299 274 20 
300 274 20 
301 273 20 
301 272 20 
301 271 20 
301 270 20 
301 269 20 
301 268 20 
301 267 20 
302 266 20 
301 265 20 
300 264 20 
300 263 20 
300 262 20 
299 261 20 
299 260 20 
299 259 20 
298 258 20 
297 259 20 
296 260 20 
295 260 20 
294 260 20 
293 260 20 
292 260 20 
291 261 20 
290 262 20 
289 263 20 
290 264 20 
291 265 20 
292 266 20 
292 267 20 
293 268 20 
293 269 20 
292 269 20 
291 270 20 
291 271 20 
290 272 20 
290 273 20 
289 274 20 
289 275 20 
290 276 20 
291 276 20 
292 276 20 
293 276 20 
294 276 20 
295 276 20 
296 276 20 
297 276 20 
V
Segmentation 5
151 269 20 
152 268 20 
153 267 20 
154 266 20 
155 266 20 
156 265 20 
155 264 20 
155 263 20 
154 262 20 
154 261 20 
153 260 20 
152 259 20 
151 259 20 
150 259 20 
149 259 20 
148 259 20 
147 260 20 
146 261 20 
146 262 20 
146 263 20 
146 264 20 
146 265 20 
146 266 20 
147 267 20 
148 267 20 
149 268 20 
150 268 20 
151 269 20 
V
Segmentation 6
169 286 20 
170 285 20 
171 284 20 
172 283 20 
173 282 20 
173 281 20 
173 280 20 
173 279 20 
172 278 20 
172 277 20 
171 276 20 
170 275 20 
169 274 20 
169 273 20 
168 272 20 
167 271 20 
166 270 20 
166 269 20 
166 268 20 
166 267 20 
166 266 20 
165 265 20 
164 264 20 
163 263 20 
162 262 20 
161 261 20 
160 262 20 
159 263 20 
159 264 20 
158 265 20 
158 266 20 
158 267 20 
158 268 20 
158 269 20 
158 270 20 
159 271 20 
159 272 20 
158 273 20 
157 273 20 
156 274 20 
155 274 20 
154 274 20 
153 275 20 
154 276 20 
154 277 20 
154 278 20 
154 279 20 
155 280 20 
156 281 20 
157 281 20 
158 282 20 
159 283 20 
160 283 20 
161 282 20 
162 282 20 
163 282 20 
163 283 20 
164 284 20 
165 284 20 
166 285 20 
167 285 20 
168 285 20 
169 286 20 
V
Segmentation 7
162 316 20 
163 315 20 
164 314 20 
164 313 20 
164 312 20 
163 311 20 
163 310 20 
163 309 20 
162 308 20 
162 307 20 
163 306 20 
163 305 20 
164 304 20 
165 303 20 
165 302 20 
166 301 20 
165 300 20 
164 300 20 
163 300 20 
162 299 20 
161 298 20 
160 297 20 
159 298 20 
158 299 20 
157 300 20 
156 300 20 
155 300 20 
154 299 20 
153 299 20 
152 298 20 
151 298 20 
150 298 20 
149 298 20 
148 299 20 
148 300 20 
148 301 20 
147 302 20 
147 303 20 
147 304 20 
147 305 20 
147 306 20 
147 307 20 
148 308 20 
149 308 20 
150 308 20 
151 309 20 
152 309 20 
153 309 20 
154 310 20 
154 311 20 
154 312 20 
155 313 20 
155 314 20 
156 315 20 
157 316 20 
158 316 20 
159 316 20 
160 316 20 
161 316 20 
162 316 20 
V
Segmentation 8
288 317 20 
289 316 20 
290 316 20 
291 315 20 
292 315 20 
293 315 20 
294 314 20 
293 313 20 
293 312 20 
293 311 20 
293 310 20 
293 309 20 
293 308 20 
292 307 20 
291 307 20 
290 307 20 
289 307 20 
288 306 20 
287 306 20 
286 307 20 
285 307 20 
284 308 20 
283 309 20 
283 310 20 
283 311 20 
283 312 20 
283 313 20 
283 314 20 
284 315 20 
285 315 20 
286 315 20 
287 316 20 
288 317 20 
V
Segmentation 0
191 300 21 
192 299 21 
193 298 21 
194 297 21 
195 297 21 
196 297 21 
197 298 21 
198 298 21 
199 299 21 
200 299 21 
201 298 21 
201 297 21 
201 296 21 
201 295 21 
201 294 21 
201 293 21 
201 292 21 
201 291 21 
201 290 21 
201 289 21 
200 288 21 
199 287 21 
199 286 21 
199 285 21 
199 284 21 
200 283 21 
201 282 21 
201 281 21 
201 280 21 
202 279 21 
202 278 21 
202 277 21 
202 276 21 
201 275 21 
200 275 21 
199 275 21 
198 274 21 
197 273 21 
196 272 21 
195 271 21 
195 270 21 
195 269 21 
194 268 21 
195 267 21 
195 266 21 
196 265 21 
196 264 21 
195 263 21 
195 262 21 
195 261 21 
195 260 21 
194 259 21 
194 258 21 
194 257 21 
194 256 21 
194 255 21 
194 254 21 
194 253 21 
195 252 21 
195 251 21 
196 251 21 
197 252 21 
198 252 21 
199 253 21 
200 253 21 
201 252 21 
202 251 21 
203 250 21 
203 249 21 
203 248 21 
203 247 21 
203 246 21 
203 245 21 
202 244 21 
202 243 21 
201 242 21 
200 242 21 
199 241 21 
198 241 21 
198 240 21 
198 239 21 
198 238 21 
198 237 21 
198 236 21 
198 235 21 
197 234 21 
196 233 21 
196 232 21 
196 231 21 
196 230 21 
196 229 21 
196 228 21 
196 227 21 
197 226 21 
198 225 21 
199 224 21 
199 223 21 
199 222 21 
200 221 21 
200 220 21 
199 219 21 
198 218 21 
198 217 21 
198 216 21 
199 215 21 
200 214 21 
201 213 21 
202 212 21 
202 211 21 
201 210 21 
200 209 21 
199 209 21 
198 208 21 
197 207 21 
196 206 21 
195 206 21 
194 207 21 
193 208 21 
192 209 21 
192 210 21 
191 211 21 
190 211 21 
189 210 21 
188 210 21 
187 210 21 
186 210 21 
185 211 21 
184 212 21 
184 213 21 
185 214 21 
185 215 21 
184 216 21 
184 217 21 
184 218 21 
184 219 21 
183 220 21 
183 221 21 
183 222 21 
183 223 21 
182 224 21 
182 225 21 
181 226 21 
182 227 21 
183 228 21 
183 229 21 
184 230 21 
184 231 21 
184 232 21 
183 233 21 
182 234 21 
182 235 21 
181 236 21 
181 237 21 
181 238 21 
181 239 21 
181 240 21 
181 241 21 
181 242 21 
180 242 21 
179 243 21 
178 243 21 
177 243 21 
176 244 21 
175 244 21 
174 244 21 
174 243 21 
174 242 21 
174 241 21 
174 240 21 
174 239 21 
175 238 21 
175 237 21 
176 236 21 
177 235 21 
177 234 21 
176 233 21 
176 232 21 
176 231 21 
176 230 21 
176 229 21 
175 228 21 
175 227 21 
175 226 21 
175 225 21 
175 224 21 
174 223 21 
174 222 21 
175 221 21 
175 220 21 
174 219 21 
173 218 21 
172 218 21 
171 218 21 
170 218 21 
169 219 21 
168 219 21 
167 220 21 
166 221 21 
166 222 21 
166 223 21 
166 224 21 
166 225 21 
165 226 21 
164 227 21 
163 228 21 
162 229 21 
162 230 21 
161 231 21 
161 232 21 
160 233 21 
159 233 21 
158 234 21 
157 235 21 
157 236 21 
156 237 21 
156 238 21 
156 239 21 
157 240 21 
158 240 21 
158 241 21 
159 242 21 
160 242 21 
161 243 21 
162 243 21 
163 243 21 
164 243 21 
165 243 21 
166 244 21 
166 245 21 
166 246 21 
167 247 21 
167 248 21 
167 249 21 
167 250 21 
167 251 21 
167 252 21 
168 253 21 
169 254 21 
170 254 21 
171 254 21 
172 254 21 
173 253 21 
174 253 21 
175 253 21 
176 252 21 
176 251 21 
177 250 21 
178 250 21 
179 250 21 
180 251 21 
181 251 21 
182 252 21 
183 252 21 
183 253 21 
183 254 21 
183 255 21 
183 256 21 
183 257 21 
183 258 21 
183 259 21 
184 260 21 
184 261 21 
185 262 21 
185 263 21 
185 264 21 
185 265 21 
185 266 21 
184 266 21 
183 267 21 
182 267 21 
181 267 21 
180 268 21 
180 269 21 
180 270 21 
179 271 21 
179 272 21 
179 273 21 
179 274 21 
179 275 21 
178 276 21 
177 277 21 
177 278 21 
177 279 21 
177 280 21 
177 281 21 
176 282 21 
177 283 21 
178 283 21 
179 283 21 
180 284 21 
181 284 21 
182 285 21 
183 285 21 
184 286 21 
184 287 21 
183 288 21 
183 289 21 
184 290 21 
185 291 21 
186 292 21 
186 293 21 
186 294 21 
186 295 21 
185 296 21 
184 297 21 
185 298 21 
186 298 21 
187 299 21 
188 299 21 
189 300 21 
190 300 21 
191 300 21 
V
Segmentation 1
259 293 21 
260 292 21 
261 292 21 
262 291 21 
263 291 21 
264 290 21 
265 290 21 
266 290 21 
267 291 21 
268 292 21 
269 291 21 
270 290 21 
270 289 21 
271 288 21 
272 287 21 
273 286 21 
273 285 21 
273 284 21 
272 283 21 
271 283 21 
270 283 21 
269 282 21 
268 282 21 
268 281 21 
268 280 21 
269 279 21 
269 278 21 
270 277 21 
270 276 21 
270 275 21 
271 274 21 
271 273 21 
270 272 21 
270 271 21 
269 270 21 
270 269 21 
271 268 21 
270 267 21 
269 266 21 
268 265 21 
268 264 21 
267 263 21 
267 262 21 
267 261 21 
268 260 21 
269 259 21 
270 258 21 
271 258 21 
272 257 21 
272 256 21 
272 255 21 
272 254 21 
272 253 21 
272 252 21 
272 251 21 
271 250 21 
270 250 21 
269 249 21 
268 248 21 
268 247 21 
267 246 21 
267 245 21 
266 244 21 
266 243 21 
265 242 21 
264 241 21 
264 240 21 
264 239 21 
263 238 21 
263 237 21 
263 236 21 
264 235 21 
265 234 21 
266 233 21 
267 232 21 
267 231 21 
267 230 21 
267 229 21 
267 228 21 
266 227 21 
265 226 21 
264 226 21 
263 225 21 
263 224 21 
263 223 21 
262 222 21 
263 221 21 
263 220 21 
263 219 21 
262 218 21 
261 218 21 
260 217 21 
259 218 21 
258 218 21 
257 219 21 
256 220 21 
255 221 21 
254 222 21 
253 223 21 
253 224 21 
252 225 21 
251 226 21 
250 227 21 
250 228 21 
250 229 21 
250 230 21 
250 231 21 
250 232 21 
250 233 21 
251 234 21 
252 234 21 
253 235 21 
254 235 21 
255 236 21 
255 237 21 
255 238 21 
254 239 21 
254 240 21 
253 241 21 
252 242 21 
251 243 21 
250 244 21 
250 245 21 
250 246 21 
250 247 21 
251 248 21 
251 249 21 
252 250 21 
253 250 21 
254 251 21 
255 252 21 
256 252 21 
256 253 21 
256 254 21 
256 255 21 
256 256 21 
257 257 21 
257 258 21 
257 259 21 
257 260 21 
257 261 21 
257 262 21 
257 263 21 
257 264 21 
256 265 21 
256 266 21 
255 267 21 
255 268 21 
255 269 21 
255 270 21 
255 271 21 
255 272 21 
256 273 21 
256 274 21 
257 275 21 
257 276 21 
257 277 21 
257 278 21 
258 279 21 
258 280 21 
258 281 21 
258 282 21 
258 283 21 
257 284 21 
256 285 21 
255 286 21 
256 287 21 
256 288 21 
256 289 21 
256 290 21 
257 291 21 
258 292 21 
259 293 21 
V
Segmentation 2
287 259 21 
288 258 21 
289 258 21 
290 258 21 
291 258 21 
292 257 21 
292 256 21 
292 255 21 
291 254 21 
290 254 21 
289 253 21 
288 252 21 
288 251 21 
288 250 21 
287 249 21 
286 248 21 
285 247 21 
285 246 21 
284 245 21 
284 244 21 
284 243 21 
283 242 21 
282 242 21 
281 241 21 
280 241 21 
279 242 21 
278 242 21 
277 243 21 
276 244 21 
276 245 21 
276 246 21 
276 247 21 
276 248 21 
277 249 21 
278 250 21 
279 251 21 
279 252 21 
279 253 21 
280 254 21 
280 255 21 
280 256 21 
280 257 21 
281 258 21 
282 259 21 
283 259 21 
284 259 21 
285 259 21 
286 259 21 
287 259 21 
V
Segmentation 3
161 277 21 
162 276 21 
163 275 21 
164 275 21 
165 274 21 
166 274 21 
167 273 21 
166 272 21 
165 271 21 
164 270 21 
164 269 21 
164 268 21 
163 267 21 
162 266 21 
161 266 21 
161 265 21 
161 264 21 
160 263 21 
159 262 21 
158 262 21 
157 261 21 
156 261 21 
155 261 21 
154 261 21 
153 261 21 
152 262 21 
151 263 21 
151 264 21 
151 265 21 
150 266 21 
150 267 21 
151 268 21 
152 269 21 
153 269 21 
154 270 21 
155 270 21 
156 271 21 
157 272 21 
157 273 21 
158 274 21 
158 275 21 
159 276 21 
160 277 21 
161 277 21 
V
Segmentation 4
288 317 21 
289 316 21 
290 316 21 
291 315 21 
292 315 21 
293 315 21 
294 315 21 
295 315 21 
296 315 21 
297 314 21 
298 313 21 
298 312 21 
298 311 21 
299 310 21 
299 309 21 
299 308 21 
298 307 21 
297 306 21 
296 305 21 
295 304 21 
295 303 21 
294 302 21 
294 301 21 
293 300 21 
292 300 21 
291 299 21 
290 299 21 
289 299 21 
288 298 21 
287 298 21 
286 297 21 
286 296 21 
285 295 21 
285 294 21 
284 293 21 
284 292 21 
283 291 21 
282 291 21 
281 291 21 
280 291 21 
279 291 21 
278 292 21 
277 293 21 
276 294 21 
276 295 21 
277 296 21 
276 297 21 
276 298 21 
277 299 21 
278 300 21 
278 301 21 
278 302 21 
279 303 21 
279 304 21 
279 305 21 
279 306 21 
280 307 21 
281 307 21 
282 307 21 
283 307 21 
283 308 21 
282 309 21 
282 310 21 
282 311 21 
282 312 21 
282 313 21 
282 314 21 
283 315 21 
284 315 21 
285 316 21 
286 317 21 
287 317 21 
288 317 21 
V
Segmentation 5
164 310 21 
165 309 21 
166 308 21 
167 307 21 
167 306 21 
168 305 21 
168 304 21 
168 303 21 
168 302 21 
168 301 21 
169 301 21 
170 300 21 
171 299 21 
171 298 21 
171 297 21 
170 296 21 
170 295 21 
170 294 21 
170 293 21 
169 292 21 
168 292 21 
167 292 21 
166 292 21 
165 293 21 
164 293 21 
163 294 21 
162 295 21 
161 296 21 
160 297 21 
159 298 21 
159 299 21 
158 299 21 
157 299 21 
156 298 21 
155 298 21 
154 297 21 
153 298 21 
152 298 21 
151 299 21 
150 299 21 
149 300 21 
149 301 21 
149 302 21 
149 303 21 
149 304 21 
149 305 21 
150 306 21 
151 307 21 
152 308 21 
153 308 21 
154 308 21 
155 307 21 
156 307 21 
157 307 21 
158 306 21 
159 306 21 
159 307 21 
160 308 21 
161 309 21 
162 310 21 
163 310 21 
164 310 21 
V
Segmentation 6
175 331 21 
176 330 21 
177 329 21 
177 328 21 
177 327 21 
177 326 21 
177 325 21 
177 324 21 
176 323 21 
175 322 21 
174 322 21 
173 321 21 
172 321 21 
171 322 21 
170 323 21 
169 324 21 
169 325 21 
169 326 21 
169 327 21 
169 328 21 
169 329 21 
170 330 21 
171 331 21 
172 331 21 
173 331 21 
174 331 21 
175 331 21 
V
Segmentation 0
203 180 22 
204 179 22 
205 179 22 
206 179 22 
207 178 22 
208 177 22 
208 176 22 
208 175 22 
207 174 22 
207 173 22 
207 172 22 
207 171 22 
206 170 22 
205 170 22 
204 170 22 
203 170 22 
202 169 22 
201 169 22 
200 169 22 
199 170 22 
199 171 22 
199 172 22 
199 173 22 
199 174 22 
199 175 22 
199 176 22 
199 177 22 
200 178 22 
201 179 22 
202 180 22 
203 180 22 
V
Segmentation 1
172 252 22 
173 251 22 
174 251 22 
175 251 22 
176 250 22 
176 249 22 
177 248 22 
178 247 22 
178 246 22 
178 245 22 
177 244 22 
178 243 22 
179 243 22 
180 242 22 
180 241 22 
180 240 22 
180 239 22 
180 238 22 
180 237 22 
180 236 22 
180 235 22 
179 234 22 
178 234 22 
177 233 22 
176 232 22 
176 231 22 
176 230 22 
176 229 22 
176 228 22 
176 227 22 
175 226 22 
175 225 22 
175 224 22 
175 223 22 
175 222 22 
175 221 22 
175 220 22 
175 219 22 
174 218 22 
173 218 22 
172 217 22 
171 217 22 
170 216 22 
169 216 22 
168 217 22 
167 218 22 
167 219 22 
167 220 22 
166 221 22 
165 222 22 
165 223 22 
165 224 22 
164 224 22 
163 225 22 
162 224 22 
161 224 22 
160 223 22 
159 223 22 
158 223 22 
157 224 22 
156 224 22 
155 225 22 
154 226 22 
153 227 22 
153 228 22 
154 229 22 
154 230 22 
154 231 22 
155 232 22 
156 233 22 
157 233 22 
158 234 22 
159 234 22 
160 233 22 
161 233 22 
162 233 22 
163 234 22 
164 235 22 
165 236 22 
165 237 22 
166 238 22 
166 239 22 
166 240 22 
167 241 22 
167 242 22 
168 243 22 
168 244 22 
168 245 22 
168 246 22 
168 247 22 
168 248 22 
168 249 22 
168 250 22 
169 251 22 
170 252 22 
171 252 22 
172 252 22 
V
Segmentation 2
276 247 22 
277 246 22 
278 246 22 
279 245 22 
280 244 22 
281 243 22 
281 242 22 
282 243 22 
283 244 22 
284 244 22 
285 243 22 
284 242 22 
284 241 22 
285 240 22 
286 239 22 
286 238 22 
286 237 22 
286 236 22 
286 235 22 
285 234 22 
284 234 22 
283 233 22 
282 233 22 
281 233 22 
280 234 22 
279 234 22 
278 234 22 
277 233 22 
276 232 22 
275 231 22 
275 230 22 
275 229 22 
274 228 22 
273 227 22 
272 227 22 
271 226 22 
270 226 22 
269 226 22 
268 227 22 
267 228 22 
267 229 22 
267 230 22 
267 231 22 
267 232 22 
267 233 22 
267 234 22 
268 235 22 
269 235 22 
270 235 22 
271 235 22 
272 236 22 
273 237 22 
272 238 22 
271 239 22 
271 240 22 
272 241 22 
272 242 22 
272 243 22 
272 244 22 
273 245 22 
274 246 22 
275 247 22 
276 247 22 
V
Segmentation 3
253 252 22 
254 251 22 
255 250 22 
256 249 22 
257 249 22 
258 248 22 
259 247 22 
259 246 22 
259 245 22 
259 244 22 
259 243 22 
260 242 22 
261 242 22 
262 242 22 
263 241 22 
264 240 22 
264 239 22 
264 238 22 
264 237 22 
264 236 22 
264 235 22 
263 234 22 
262 234 22 
261 233 22 
260 232 22 
259 232 22 
258 233 22 
257 233 22 
256 234 22 
255 234 22 
254 235 22 
253 234 22 
252 233 22 
251 233 22 
250 233 22 
249 233 22 
248 234 22 
247 234 22 
246 234 22 
245 235 22 
245 236 22 
245 237 22 
245 238 22 
245 239 22 
245 240 22 
245 241 22 
246 242 22 
247 242 22 
248 243 22 
249 243 22 
250 244 22 
250 245 22 
251 246 22 
251 247 22 
251 248 22 
251 249 22 
251 250 22 
252 251 22 
253 252 22 
V
Segmentation 4
199 268 22 
200 267 22 
201 267 22 
202 266 22 
203 265 22 
203 264 22 
203 263 22 
203 262 22 
203 261 22 
203 260 22 
202 259 22 
201 258 22 
200 258 22 
199 257 22 
199 256 22 
199 255 22 
198 254 22 
198 253 22 
199 252 22 
200 251 22 
201 250 22 
202 249 22 
202 248 22 
201 247 22 
201 246 22 
200 245 22 
200 244 22 
199 243 22 
198 243 22 
197 243 22 
196 242 22 
195 243 22 
194 244 22 
193 245 22 
193 246 22 
193 247 22 
192 248 22 
191 248 22 
190 248 22 
189 249 22 
188 250 22 
188 251 22 
188 252 22 
188 253 22 
188 254 22 
187 255 22 
187 256 22 
186 257 22 
186 258 22 
185 258 22 
184 259 22 
183 260 22 
183 261 22 
184 262 22 
184 263 22 
185 264 22 
186 265 22 
187 265 22 
188 265 22 
189 265 22 
190 266 22 
191 266 22 
192 266 22 
193 266 22 
194 266 22 
195 266 22 
196 266 22 
197 267 22 
198 268 22 
199 268 22 
V
Segmentation 5
173 285 22 
174 284 22 
175 284 22 
176 283 22 
177 282 22 
178 281 22 
178 280 22 
178 279 22 
178 278 22 
178 277 22 
177 276 22 
176 276 22 
175 275 22 
174 274 22 
173 273 22 
172 273 22 
171 274 22 
170 274 22 
169 275 22 
168 276 22 
168 277 22 
168 278 22 
168 279 22 
169 280 22 
169 281 22 
169 282 22 
170 283 22 
171 284 22 
172 285 22 
173 285 22 
V
Segmentation 6
186 291 22 
187 290 22 
188 289 22 
189 288 22 
189 287 22 
190 286 22 
190 285 22 
191 284 22 
190 283 22 
189 282 22 
188 281 22 
187 281 22 
186 280 22 
185 280 22 
184 281 22 
183 282 22 
182 282 22 
181 283 22 
181 284 22 
181 285 22 
181 286 22 
181 287 22 
181 288 22 
181 289 22 
182 290 22 
183 290 22 
184 291 22 
185 291 22 
186 291 22 
V
Segmentation 7
280 317 22 
281 316 22 
282 316 22 
283 316 22 
284 315 22 
284 314 22 
284 313 22 
284 312 22 
284 311 22 
285 310 22 
286 310 22 
287 309 22 
288 309 22 
289 308 22 
290 307 22 
290 306 22 
291 305 22 
290 304 22 
289 303 22 
289 302 22 
288 301 22 
288 300 22 
287 299 22 
286 298 22 
285 297 22 
285 296 22 
284 295 22 
284 294 22 
283 293 22 
282 293 22 
281 292 22 
280 292 22 
279 291 22 
279 290 22 
279 289 22 
279 288 22 
279 287 22 
279 286 22 
279 285 22 
280 284 22 
279 283 22 
278 283 22 
277 283 22 
276 282 22 
275 282 22 
274 281 22 
273 282 22 
272 282 22 
271 283 22 
270 284 22 
270 285 22 
270 286 22 
270 287 22 
270 288 22 
270 289 22 
270 290 22 
269 290 22 
268 290 22 
267 291 22 
266 292 22 
266 293 22 
266 294 22 
266 295 22 
266 296 22 
266 297 22 
266 298 22 
267 299 22 
268 299 22 
269 299 22 
270 300 22 
271 300 22 
271 301 22 
271 302 22 
271 303 22 
271 304 22 
271 305 22 
272 306 22 
273 307 22 
274 308 22 
275 308 22 
275 309 22 
275 310 22 
275 311 22 
275 312 22 
275 313 22 
275 314 22 
275 315 22 
276 316 22 
277 316 22 
278 317 22 
279 317 22 
280 317 22 
V
Segmentation 8
186 308 22 
187 307 22 
188 306 22 
189 305 22 
189 304 22 
189 303 22 
188 302 22 
188 301 22 
187 300 22 
186 299 22 
185 298 22 
184 298 22 
183 298 22 
182 299 22 
181 299 22 
180 299 22 
179 300 22 
179 301 22 
179 302 22 
179 303 22 
179 304 22 
179 305 22 
180 306 22 
181 307 22 
182 307 22 
183 308 22 
184 308 22 
185 308 22 
186 308 22 
V
Segmentation 0
203 180 23 
204 179 23 
205 178 23 
205 177 23 
205 176 23 
205 175 23 
205 174 23 
204 173 23 
204 172 23 
203 171 23 
202 171 23 
201 171 23 
200 171 23 
199 171 23 
198 171 23 
197 171 23 
196 172 23 
196 173 23 
197 174 23 
197 175 23 
197 176 23 
197 177 23 
197 178 23 
198 179 23 
199 180 23 
200 180 23 
201 180 23 
202 180 23 
203 180 23 
V
Segmentation 1
264 220 23 
265 219 23 
266 218 23 
267 217 23 
268 216 23 
268 215 23 
268 214 23 
268 213 23 
267 212 23 
266 211 23 
265 211 23 
264 210 23 
263 210 23 
262 209 23 
261 209 23 
260 210 23 
259 211 23 
259 212 23 
260 213 23 
260 214 23 
260 215 23 
260 216 23 
260 217 23 
261 218 23 
262 219 23 
263 220 23 
264 220 23 
V
Segmentation 2
172 257 23 
173 256 23 
173 255 23 
174 254 23 
174 253 23 
174 252 23 
174 251 23 
174 250 23 
174 249 23 
173 248 23 
172 248 23 
171 247 23 
170 247 23 
169 247 23 
168 247 23 
167 247 23 
166 248 23 
165 249 23 
165 250 23 
165 251 23 
166 252 23 
166 253 23 
167 254 23 
167 255 23 
167 256 23 
168 257 23 
169 257 23 
170 257 23 
171 257 23 
172 257 23 
V
Segmentation 3
262 257 23 
263 256 23 
264 255 23 
264 254 23 
264 253 23 
265 252 23 
265 251 23 
265 250 23 
265 249 23 
264 248 23 
263 248 23 
262 248 23 
261 248 23 
260 248 23 
259 249 23 
258 250 23 
258 251 23 
257 252 23 
257 253 23 
257 254 23 
257 255 23 
258 256 23 
259 257 23 
260 257 23 
261 257 23 
262 257 23 
V
Segmentation 4
205 258 23 
206 257 23 
206 256 23 
206 255 23 
206 254 23 
206 253 23 
206 252 23 
206 251 23 
205 250 23 
204 250 23 
203 249 23 
202 249 23 
201 249 23 
200 249 23 
199 250 23 
198 251 23 
197 252 23 
197 253 23 
196 254 23 
197 255 23 
197 256 23 
198 257 23 
199 258 23 
200 258 23 
201 258 23 
202 258 23 
203 258 23 
204 258 23 
205 258 23 
V
Segmentation 5
166 268 23 
167 267 23 
168 267 23 
169 266 23 
170 265 23 
170 264 23 
169 263 23 
168 262 23 
168 261 23 
168 260 23 
167 259 23 
166 259 23 
165 259 23 
164 259 23 
163 258 23 
162 258 23 
161 258 23 
160 259 23 
159 260 23 
159 261 23 
159 262 23 
158 263 23 
159 264 23 
159 265 23 
160 266 23 
161 266 23 
162 267 23 
163 267 23 
164 268 23 
165 268 23 
166 268 23 
V
Segmentation 6
271 282 23 
272 281 23 
273 280 23 
273 279 23 
273 278 23 
273 277 23 
273 276 23 
272 275 23 
271 274 23 
270 274 23 
270 273 23 
270 272 23 
270 271 23 
271 270 23 
271 269 23 
272 268 23 
272 267 23 
271 266 23 
270 265 23 
269 264 23 
268 263 23 
267 263 23 
266 264 23 
265 264 23 
264 265 23 
263 265 23 
262 266 23 
261 267 23 
262 268 23 
262 269 23 
262 270 23 
262 271 23 
262 272 23 
262 273 23 
262 274 23 
262 275 23 
262 276 23 
262 277 23 
263 278 23 
263 279 23 
264 280 23 
264 281 23 
265 282 23 
266 282 23 
267 282 23 
268 282 23 
269 282 23 
270 282 23 
271 282 23 
V
Segmentation 7
280 299 23 
281 298 23 
282 297 23 
283 296 23 
283 295 23 
283 294 23 
282 293 23 
281 292 23 
281 291 23 
280 290 23 
279 289 23 
278 289 23 
277 288 23 
276 288 23 
275 289 23 
274 290 23 
273 290 23 
272 291 23 
271 292 23 
271 293 23 
272 294 23 
272 295 23 
272 296 23 
272 297 23 
273 298 23 
274 298 23 
275 299 23 
276 299 23 
277 299 23 
278 299 23 
279 299 23 
280 299 23 
V
Segmentation 8
182 301 23 
183 300 23 
184 300 23 
185 299 23 
186 298 23 
186 297 23 
187 296 23 
187 295 23 
187 294 23 
186 293 23 
186 292 23 
185 291 23 
184 291 23 
183 290 23 
182 290 23 
181 290 23 
180 290 23 
179 291 23 
178 291 23 
177 292 23 
177 293 23 
177 294 23 
177 295 23 
177 296 23 
177 297 23 
177 298 23 
178 299 23 
179 300 23 
180 300 23 
181 301 23 
182 301 23 
V
Segmentation 0
207 220 24 
208 219 24 
208 218 24 
208 217 24 
208 216 24 
208 215 24 
208 214 24 
208 213 24 
208 212 24 
208 211 24 
208 210 24 
207 209 24 
207 208 24 
206 207 24 
205 207 24 
204 206 24 
203 207 24 
202 207 24 
201 208 24 
200 209 24 
200 210 24 
200 211 24 
200 212 24 
200 213 24 
201 214 24 
201 215 24 
201 216 24 
202 217 24 
203 218 24 
204 219 24 
205 220 24 
206 220 24 
207 220 24 
V
Segmentation 1
214 317 24 
215 316 24 
216 315 24 
217 315 24 
218 314 24 
218 313 24 
218 312 24 
218 311 24 
218 310 24 
218 309 24 
217 308 24 
216 307 24 
215 306 24 
214 305 24 
213 305 24 
212 306 24 
211 306 24 
210 306 24 
209 307 24 
209 308 24 
209 309 24 
209 310 24 
209 311 24 
209 312 24 
209 313 24 
209 314 24 
210 315 24 
211 316 24 
212 316 24 
213 317 24 
214 317 24 
V
Segmentation 0
203 243 25 
204 242 25 
205 241 25 
205 240 25 
205 239 25 
205 238 25 
205 237 25 
205 236 25 
206 235 25 
205 234 25 
204 233 25 
203 233 25 
202 233 25 
201 233 25 
200 234 25 
199 235 25 
198 235 25 
197 236 25 
197 237 25 
197 238 25 
197 239 25 
197 240 25 
198 241 25 
199 242 25 
200 242 25 
201 243 25 
202 243 25 
203 243 25 
V
Segmentation 1
260 305 25 
261 304 25 
262 303 25 
262 302 25 
262 301 25 
263 300 25 
264 300 25 
265 300 25 
266 299 25 
267 299 25 
268 299 25 
269 298 25 
268 297 25 
268 296 25 
268 295 25 
268 294 25 
267 293 25 
266 292 25 
265 292 25 
264 292 25 
263 291 25 
262 291 25 
261 291 25 
260 292 25 
259 292 25 
258 292 25 
257 291 25 
256 291 25 
255 291 25 
254 291 25 
253 291 25 
252 292 25 
251 293 25 
251 294 25 
251 295 25 
250 296 25 
250 297 25 
250 298 25 
251 299 25 
252 300 25 
253 301 25 
254 302 25 
255 303 25 
256 304 25 
257 305 25 
258 305 25 
259 305 25 
260 305 25 
V
Segmentation 2
210 310 25 
211 309 25 
212 309 25 
213 308 25 
214 307 25 
215 306 25 
215 305 25 
215 304 25 
215 303 25 
215 302 25 
215 301 25 
215 300 25 
214 299 25 
213 299 25 
212 299 25 
211 299 25 
210 298 25 
209 299 25 
208 299 25 
207 299 25 
206 300 25 
206 301 25 
206 302 25 
206 303 25 
206 304 25 
206 305 25 
205 306 25 
205 307 25 
206 308 25 
207 308 25 
208 309 25 
209 309 25 
210 310 25 
V
Segmentation 0
261 260 26 
262 259 26 
263 258 26 
263 257 26 
263 256 26 
263 255 26 
263 254 26 
263 253 26 
263 252 26 
263 251 26 
262 250 26 
261 250 26 
260 250 26 
259 249 26 
258 249 26 
257 249 26 
256 249 26 
255 250 26 
254 250 26 
253 251 26 
253 252 26 
253 253 26 
253 254 26 
253 255 26 
253 256 26 
254 257 26 
255 258 26 
256 259 26 
257 259 26 
258 260 26 
259 260 26 
260 260 26 
261 260 26 
V
