Segmentation 0
169 387 13 
170 386 13 
170 385 13 
170 384 13 
170 383 13 
170 382 13 
170 381 13 
170 380 13 
171 379 13 
172 378 13 
172 377 13 
173 377 13 
174 376 13 
175 375 13 
175 374 13 
175 373 13 
176 372 13 
175 371 13 
174 370 13 
173 370 13 
172 369 13 
171 370 13 
170 371 13 
169 372 13 
169 373 13 
168 374 13 
167 375 13 
166 376 13 
165 377 13 
164 377 13 
163 377 13 
162 377 13 
161 378 13 
160 379 13 
160 380 13 
159 381 13 
160 382 13 
160 383 13 
161 384 13 
161 385 13 
161 386 13 
162 387 13 
163 387 13 
164 387 13 
165 387 13 
166 387 13 
167 387 13 
168 387 13 
169 387 13 
V
Segmentation 1
274 418 13 
275 417 13 
276 417 13 
277 416 13 
278 415 13 
278 414 13 
279 413 13 
279 412 13 
280 412 13 
281 411 13 
282 411 13 
283 411 13 
284 411 13 
285 410 13 
286 409 13 
286 408 13 
286 407 13 
286 406 13 
286 405 13 
287 404 13 
288 403 13 
289 403 13 
290 402 13 
291 402 13 
292 402 13 
293 403 13 
294 403 13 
295 402 13 
296 401 13 
297 401 13 
298 400 13 
298 399 13 
298 398 13 
298 397 13 
298 396 13 
298 395 13 
297 394 13 
296 394 13 
295 393 13 
295 392 13 
295 391 13 
295 390 13 
295 389 13 
295 388 13 
296 387 13 
297 387 13 
298 386 13 
298 385 13 
299 384 13 
298 383 13 
298 382 13 
298 381 13 
298 380 13 
297 379 13 
296 378 13 
295 378 13 
294 378 13 
294 377 13 
294 376 13 
294 375 13 
294 374 13 
294 373 13 
293 372 13 
292 372 13 
291 372 13 
290 372 13 
289 373 13 
288 374 13 
287 375 13 
287 376 13 
286 377 13 
287 378 13 
288 379 13 
288 380 13 
289 381 13 
289 382 13 
289 383 13 
289 384 13 
289 385 13 
289 386 13 
288 386 13 
287 387 13 
286 388 13 
285 389 13 
285 390 13 
285 391 13 
285 392 13 
285 393 13 
284 393 13 
283 393 13 
282 393 13 
281 393 13 
280 393 13 
279 392 13 
278 392 13 
277 393 13 
276 394 13 
275 395 13 
276 396 13 
276 397 13 
276 398 13 
277 399 13 
278 400 13 
279 400 13 
280 401 13 
281 402 13 
281 403 13 
281 404 13 
280 405 13 
280 406 13 
279 407 13 
278 408 13 
277 409 13 
276 409 13 
275 409 13 
274 408 13 
273 407 13 
272 407 13 
271 407 13 
270 408 13 
270 409 13 
270 410 13 
269 411 13 
269 412 13 
270 413 13 
271 414 13 
272 415 13 
272 416 13 
273 417 13 
274 418 13 
V
Segmentation 2
199 427 13 
200 426 13 
201 426 13 
202 425 13 
203 424 13 
202 423 13 
202 422 13 
201 421 13 
201 420 13 
201 419 13 
202 419 13 
203 418 13 
204 418 13 
205 417 13 
204 416 13 
204 415 13 
204 414 13 
205 413 13 
206 413 13 
207 412 13 
207 411 13 
206 410 13 
205 410 13 
204 410 13 
203 409 13 
202 409 13 
201 409 13 
201 408 13 
200 407 13 
200 406 13 
200 405 13 
200 404 13 
200 403 13 
199 402 13 
198 402 13 
197 402 13 
196 402 13 
195 403 13 
194 403 13 
193 404 13 
192 404 13 
191 405 13 
190 405 13 
189 404 13 
188 404 13 
187 404 13 
186 403 13 
185 403 13 
184 403 13 
183 403 13 
182 402 13 
181 402 13 
180 402 13 
179 403 13 
178 403 13 
177 404 13 
177 405 13 
176 406 13 
176 407 13 
176 408 13 
176 409 13 
176 410 13 
176 411 13 
177 412 13 
178 412 13 
179 412 13 
180 413 13 
181 413 13 
181 414 13 
181 415 13 
182 416 13 
182 417 13 
182 418 13 
181 419 13 
181 420 13 
182 421 13 
183 422 13 
184 422 13 
185 421 13 
186 420 13 
187 420 13 
188 420 13 
189 419 13 
190 419 13 
191 420 13 
192 421 13 
192 422 13 
192 423 13 
192 424 13 
192 425 13 
193 426 13 
194 426 13 
195 426 13 
196 427 13 
197 427 13 
198 427 13 
199 427 13 
V
Segmentation 0
308 362 14 
309 361 14 
309 360 14 
309 359 14 
309 358 14 
309 357 14 
310 356 14 
310 355 14 
311 354 14 
311 353 14 
310 352 14 
310 351 14 
309 350 14 
308 350 14 
307 350 14 
306 351 14 
305 352 14 
305 353 14 
305 354 14 
305 355 14 
304 356 14 
304 357 14 
304 358 14 
304 359 14 
304 360 14 
304 361 14 
305 362 14 
306 362 14 
307 362 14 
308 362 14 
V
Segmentation 1
171 399 14 
172 398 14 
173 398 14 
174 397 14 
175 396 14 
175 395 14 
175 394 14 
175 393 14 
174 392 14 
174 391 14 
174 390 14 
174 389 14 
173 388 14 
173 387 14 
173 386 14 
173 385 14 
173 384 14 
173 383 14 
173 382 14 
174 381 14 
175 381 14 
176 381 14 
177 380 14 
178 379 14 
178 378 14 
177 377 14 
177 376 14 
176 375 14 
176 374 14 
175 373 14 
175 372 14 
174 371 14 
173 371 14 
172 372 14 
172 373 14 
171 374 14 
171 375 14 
171 376 14 
170 377 14 
169 378 14 
169 379 14 
168 380 14 
167 380 14 
166 380 14 
165 380 14 
164 379 14 
163 379 14 
162 378 14 
161 377 14 
161 376 14 
160 375 14 
160 374 14 
159 373 14 
158 372 14 
158 371 14 
157 370 14 
156 369 14 
155 370 14 
154 370 14 
153 371 14 
153 372 14 
153 373 14 
154 374 14 
154 375 14 
154 376 14 
154 377 14 
155 378 14 
156 379 14 
157 380 14 
158 380 14 
158 381 14 
158 382 14 
158 383 14 
158 384 14 
158 385 14 
158 386 14 
158 387 14 
159 388 14 
159 389 14 
160 390 14 
161 391 14 
161 392 14 
161 393 14 
160 394 14 
160 395 14 
161 396 14 
162 396 14 
163 396 14 
164 396 14 
165 396 14 
166 397 14 
167 397 14 
168 398 14 
169 398 14 
170 399 14 
171 399 14 
V
Segmentation 2
272 418 14 
273 417 14 
274 417 14 
275 417 14 
276 416 14 
276 415 14 
276 414 14 
276 413 14 
276 412 14 
277 412 14 
278 411 14 
279 411 14 
280 410 14 
281 411 14 
282 411 14 
283 412 14 
284 412 14 
285 411 14 
286 410 14 
287 409 14 
287 408 14 
288 407 14 
288 406 14 
289 405 14 
290 404 14 
291 403 14 
292 403 14 
293 403 14 
294 404 14 
295 405 14 
296 405 14 
297 404 14 
298 403 14 
299 402 14 
299 401 14 
299 400 14 
299 399 14 
299 398 14 
299 397 14 
300 396 14 
301 396 14 
302 396 14 
303 395 14 
304 394 14 
304 393 14 
304 392 14 
304 391 14 
304 390 14 
303 389 14 
302 388 14 
301 387 14 
301 386 14 
302 385 14 
302 384 14 
302 383 14 
302 382 14 
302 381 14 
302 380 14 
303 379 14 
303 378 14 
303 377 14 
303 376 14 
303 375 14 
303 374 14 
303 373 14 
303 372 14 
303 371 14 
302 370 14 
301 370 14 
300 371 14 
299 372 14 
298 372 14 
297 373 14 
296 373 14 
295 373 14 
294 374 14 
294 375 14 
293 376 14 
293 377 14 
293 378 14 
292 378 14 
291 378 14 
290 377 14 
289 377 14 
288 377 14 
287 378 14 
286 379 14 
285 380 14 
284 381 14 
283 382 14 
283 383 14 
284 384 14 
284 385 14 
283 386 14 
282 387 14 
281 388 14 
280 389 14 
280 390 14 
280 391 14 
280 392 14 
280 393 14 
280 394 14 
280 395 14 
279 396 14 
278 397 14 
277 397 14 
276 397 14 
275 396 14 
274 396 14 
273 395 14 
272 395 14 
271 394 14 
270 394 14 
269 395 14 
269 396 14 
268 397 14 
268 398 14 
268 399 14 
267 400 14 
267 401 14 
268 402 14 
269 403 14 
270 404 14 
270 405 14 
270 406 14 
269 407 14 
269 408 14 
269 409 14 
269 410 14 
268 411 14 
268 412 14 
268 413 14 
268 414 14 
267 415 14 
267 416 14 
268 417 14 
269 418 14 
270 418 14 
271 418 14 
272 418 14 
V
Segmentation 3
188 420 14 
189 419 14 
190 419 14 
191 418 14 
192 417 14 
193 417 14 
194 417 14 
195 416 14 
196 416 14 
197 416 14 
198 417 14 
199 416 14 
199 415 14 
199 414 14 
199 413 14 
199 412 14 
199 411 14 
198 410 14 
197 409 14 
196 408 14 
195 408 14 
194 407 14 
193 407 14 
192 407 14 
191 407 14 
190 408 14 
189 408 14 
188 408 14 
187 407 14 
186 406 14 
185 405 14 
184 404 14 
183 403 14 
182 403 14 
181 403 14 
180 403 14 
179 404 14 
178 405 14 
177 406 14 
177 407 14 
177 408 14 
178 409 14 
179 410 14 
180 411 14 
181 412 14 
182 413 14 
183 413 14 
184 414 14 
184 415 14 
183 416 14 
182 416 14 
181 417 14 
182 418 14 
182 419 14 
183 420 14 
184 420 14 
185 420 14 
186 420 14 
187 420 14 
188 420 14 
V
Segmentation 0
308 365 15 
309 364 15 
310 364 15 
311 363 15 
311 362 15 
311 361 15 
311 360 15 
311 359 15 
310 358 15 
310 357 15 
309 356 15 
310 355 15 
311 354 15 
310 353 15 
310 352 15 
309 351 15 
309 350 15 
308 349 15 
308 348 15 
307 347 15 
306 347 15 
305 347 15 
304 347 15 
303 347 15 
302 347 15 
301 348 15 
301 349 15 
301 350 15 
301 351 15 
301 352 15 
301 353 15 
301 354 15 
302 355 15 
302 356 15 
302 357 15 
302 358 15 
302 359 15 
302 360 15 
302 361 15 
302 362 15 
303 363 15 
304 364 15 
305 364 15 
306 364 15 
307 365 15 
308 365 15 
V
Segmentation 1
168 404 15 
169 403 15 
170 403 15 
171 403 15 
172 402 15 
173 402 15 
174 401 15 
174 400 15 
174 399 15 
174 398 15 
174 397 15 
174 396 15 
174 395 15 
175 395 15 
176 395 15 
177 394 15 
178 393 15 
178 392 15 
178 391 15 
178 390 15 
178 389 15 
178 388 15 
177 387 15 
176 386 15 
175 386 15 
174 385 15 
173 385 15 
173 384 15 
173 383 15 
173 382 15 
173 381 15 
174 380 15 
174 379 15 
174 378 15 
174 377 15 
173 376 15 
172 375 15 
171 376 15 
170 377 15 
169 377 15 
168 377 15 
167 377 15 
166 377 15 
165 377 15 
164 377 15 
164 376 15 
163 375 15 
162 374 15 
162 373 15 
161 372 15 
160 371 15 
160 370 15 
159 369 15 
158 369 15 
157 369 15 
156 370 15 
155 370 15 
154 371 15 
153 371 15 
152 372 15 
152 373 15 
152 374 15 
152 375 15 
152 376 15 
152 377 15 
153 378 15 
154 378 15 
155 379 15 
156 379 15 
157 380 15 
158 381 15 
158 382 15 
159 383 15 
159 384 15 
160 385 15 
160 386 15 
160 387 15 
160 388 15 
161 389 15 
161 390 15 
161 391 15 
160 392 15 
160 393 15 
159 394 15 
158 395 15 
158 396 15 
158 397 15 
158 398 15 
158 399 15 
158 400 15 
158 401 15 
159 402 15 
160 403 15 
161 403 15 
162 403 15 
163 403 15 
164 403 15 
165 402 15 
166 403 15 
167 403 15 
168 404 15 
V
Segmentation 2
283 405 15 
284 404 15 
285 404 15 
286 403 15 
287 403 15 
288 403 15 
289 403 15 
290 403 15 
291 403 15 
292 404 15 
293 404 15 
294 404 15 
295 404 15 
296 403 15 
297 402 15 
298 401 15 
297 400 15 
297 399 15 
297 398 15 
298 397 15 
299 396 15 
300 396 15 
301 396 15 
302 395 15 
303 394 15 
303 393 15 
303 392 15 
304 391 15 
304 390 15 
305 389 15 
305 388 15 
305 387 15 
306 386 15 
306 385 15 
306 384 15 
305 383 15 
305 382 15 
304 381 15 
303 380 15 
303 379 15 
303 378 15 
303 377 15 
303 376 15 
303 375 15 
303 374 15 
303 373 15 
303 372 15 
302 371 15 
301 371 15 
300 370 15 
299 371 15 
299 372 15 
298 373 15 
297 374 15 
297 375 15 
296 376 15 
295 377 15 
295 378 15 
295 379 15 
294 379 15 
293 379 15 
292 379 15 
291 379 15 
290 379 15 
289 378 15 
288 378 15 
287 378 15 
286 378 15 
285 379 15 
284 380 15 
284 381 15 
284 382 15 
284 383 15 
284 384 15 
284 385 15 
283 385 15 
282 385 15 
281 385 15 
280 385 15 
279 385 15 
278 386 15 
277 386 15 
276 387 15 
276 388 15 
277 389 15 
278 389 15 
278 390 15 
278 391 15 
278 392 15 
278 393 15 
278 394 15 
277 394 15 
276 395 15 
275 396 15 
274 397 15 
274 398 15 
273 399 15 
273 400 15 
274 401 15 
275 402 15 
276 403 15 
277 404 15 
278 405 15 
279 405 15 
280 405 15 
281 405 15 
282 405 15 
283 405 15 
V
Segmentation 0
194 222 16 
195 221 16 
196 221 16 
197 220 16 
198 219 16 
199 219 16 
200 218 16 
200 217 16 
200 216 16 
201 215 16 
201 214 16 
201 213 16 
201 212 16 
201 211 16 
202 211 16 
203 211 16 
204 210 16 
204 209 16 
204 208 16 
204 207 16 
205 206 16 
205 205 16 
205 204 16 
204 203 16 
203 203 16 
202 202 16 
201 202 16 
200 201 16 
199 201 16 
198 202 16 
197 202 16 
196 203 16 
195 202 16 
194 201 16 
193 201 16 
193 200 16 
192 199 16 
192 198 16 
192 197 16 
192 196 16 
191 195 16 
190 194 16 
189 194 16 
188 194 16 
187 194 16 
186 195 16 
185 195 16 
184 196 16 
183 197 16 
183 198 16 
184 199 16 
184 200 16 
184 201 16 
184 202 16 
184 203 16 
184 204 16 
183 205 16 
182 205 16 
181 205 16 
180 204 16 
179 204 16 
178 204 16 
177 204 16 
176 204 16 
175 205 16 
174 205 16 
173 206 16 
173 207 16 
174 208 16 
174 209 16 
174 210 16 
174 211 16 
175 212 16 
176 213 16 
177 214 16 
178 215 16 
178 216 16 
178 217 16 
178 218 16 
178 219 16 
178 220 16 
179 221 16 
180 222 16 
181 222 16 
182 222 16 
183 222 16 
184 221 16 
185 221 16 
186 221 16 
187 221 16 
188 221 16 
189 221 16 
190 221 16 
191 221 16 
192 221 16 
193 222 16 
194 222 16 
V
Segmentation 1
257 212 16 
258 211 16 
258 210 16 
259 209 16 
259 208 16 
259 207 16 
260 206 16 
260 205 16 
261 204 16 
262 204 16 
263 203 16 
263 202 16 
263 201 16 
263 200 16 
263 199 16 
263 198 16 
263 197 16 
262 196 16 
261 195 16 
260 194 16 
259 194 16 
258 195 16 
257 196 16 
256 196 16 
255 196 16 
254 196 16 
253 195 16 
252 194 16 
251 194 16 
250 194 16 
249 195 16 
248 195 16 
247 196 16 
246 196 16 
245 197 16 
246 198 16 
246 199 16 
246 200 16 
246 201 16 
246 202 16 
247 203 16 
248 204 16 
249 204 16 
250 205 16 
250 206 16 
250 207 16 
251 208 16 
252 209 16 
253 210 16 
254 211 16 
255 211 16 
256 212 16 
257 212 16 
V
Segmentation 2
349 324 16 
350 323 16 
351 323 16 
352 322 16 
353 322 16 
354 321 16 
355 320 16 
355 319 16 
355 318 16 
355 317 16 
355 316 16 
356 315 16 
357 314 16 
357 313 16 
356 312 16 
356 311 16 
356 310 16 
356 309 16 
356 308 16 
356 307 16 
355 306 16 
354 306 16 
353 306 16 
352 306 16 
351 306 16 
350 307 16 
349 307 16 
348 307 16 
347 306 16 
346 305 16 
345 305 16 
344 305 16 
343 306 16 
342 306 16 
341 307 16 
340 308 16 
340 309 16 
340 310 16 
340 311 16 
340 312 16 
340 313 16 
340 314 16 
341 315 16 
342 315 16 
343 315 16 
344 316 16 
344 317 16 
344 318 16 
344 319 16 
345 320 16 
345 321 16 
346 322 16 
347 323 16 
348 323 16 
349 324 16 
V
Segmentation 3
292 394 16 
293 393 16 
294 392 16 
295 392 16 
296 391 16 
297 390 16 
297 389 16 
298 388 16 
298 387 16 
298 386 16 
299 386 16 
300 385 16 
300 384 16 
300 383 16 
300 382 16 
300 381 16 
300 380 16 
300 379 16 
300 378 16 
300 377 16 
300 376 16 
300 375 16 
299 374 16 
299 373 16 
299 372 16 
300 371 16 
301 370 16 
301 369 16 
302 368 16 
302 367 16 
302 366 16 
302 365 16 
301 364 16 
301 363 16 
300 362 16 
299 362 16 
298 363 16 
297 364 16 
297 363 16 
296 362 16 
295 362 16 
294 362 16 
293 362 16 
292 362 16 
291 361 16 
290 361 16 
289 361 16 
288 362 16 
287 363 16 
287 364 16 
286 365 16 
285 366 16 
285 367 16 
284 367 16 
283 368 16 
282 369 16 
281 370 16 
280 371 16 
279 372 16 
278 373 16 
278 374 16 
278 375 16 
278 376 16 
279 377 16 
280 377 16 
281 378 16 
282 378 16 
283 378 16 
284 379 16 
285 379 16 
285 380 16 
285 381 16 
285 382 16 
285 383 16 
285 384 16 
285 385 16 
284 386 16 
285 387 16 
285 388 16 
286 389 16 
286 390 16 
286 391 16 
287 392 16 
288 393 16 
289 393 16 
290 393 16 
291 394 16 
292 394 16 
V
Segmentation 4
173 395 16 
174 394 16 
175 393 16 
175 392 16 
176 391 16 
176 390 16 
176 389 16 
176 388 16 
176 387 16 
175 386 16 
174 385 16 
173 385 16 
172 384 16 
171 384 16 
171 383 16 
171 382 16 
171 381 16 
171 380 16 
172 379 16 
173 378 16 
174 377 16 
175 376 16 
175 375 16 
175 374 16 
174 373 16 
174 372 16 
174 371 16 
173 370 16 
172 370 16 
171 371 16 
170 371 16 
169 371 16 
168 371 16 
167 371 16 
166 371 16 
165 370 16 
164 369 16 
164 368 16 
163 367 16 
163 366 16 
163 365 16 
162 364 16 
161 363 16 
160 362 16 
159 362 16 
158 363 16 
157 363 16 
156 364 16 
155 365 16 
155 366 16 
155 367 16 
155 368 16 
155 369 16 
154 369 16 
153 369 16 
152 369 16 
151 370 16 
150 370 16 
149 370 16 
148 370 16 
147 370 16 
146 370 16 
145 370 16 
144 369 16 
143 369 16 
142 368 16 
141 367 16 
140 368 16 
139 368 16 
138 369 16 
137 370 16 
136 370 16 
135 371 16 
135 372 16 
136 373 16 
136 374 16 
137 375 16 
138 376 16 
139 376 16 
140 376 16 
141 377 16 
141 378 16 
142 379 16 
143 380 16 
144 380 16 
145 380 16 
146 380 16 
147 380 16 
148 381 16 
148 382 16 
148 383 16 
149 384 16 
149 385 16 
149 386 16 
149 387 16 
150 388 16 
151 388 16 
152 388 16 
153 388 16 
154 387 16 
155 387 16 
156 386 16 
157 386 16 
158 386 16 
159 387 16 
160 388 16 
160 389 16 
160 390 16 
161 391 16 
161 392 16 
162 393 16 
163 394 16 
164 395 16 
165 395 16 
166 395 16 
167 394 16 
168 394 16 
169 394 16 
170 394 16 
171 394 16 
172 395 16 
173 395 16 
V
Segmentation 0
284 191 17 
285 190 17 
286 190 17 
287 189 17 
288 189 17 
289 188 17 
289 187 17 
289 186 17 
289 185 17 
289 184 17 
289 183 17 
288 182 17 
287 181 17 
286 180 17 
285 180 17 
284 180 17 
283 180 17 
282 180 17 
281 181 17 
280 182 17 
280 183 17 
280 184 17 
279 185 17 
279 186 17 
279 187 17 
279 188 17 
279 189 17 
280 190 17 
281 190 17 
282 191 17 
283 191 17 
284 191 17 
V
Segmentation 1
266 213 17 
267 212 17 
267 211 17 
267 210 17 
267 209 17 
268 208 17 
268 207 17 
268 206 17 
268 205 17 
267 204 17 
266 203 17 
266 202 17 
266 201 17 
266 200 17 
267 199 17 
267 198 17 
267 197 17 
266 196 17 
265 196 17 
264 195 17 
263 195 17 
262 195 17 
261 194 17 
261 193 17 
261 192 17 
261 191 17 
261 190 17 
261 189 17 
260 188 17 
259 187 17 
258 186 17 
257 186 17 
256 186 17 
255 185 17 
254 186 17 
253 187 17 
252 188 17 
252 189 17 
252 190 17 
252 191 17 
252 192 17 
252 193 17 
251 194 17 
250 194 17 
249 195 17 
248 196 17 
248 197 17 
248 198 17 
248 199 17 
248 200 17 
249 201 17 
250 202 17 
251 202 17 
252 202 17 
253 202 17 
254 202 17 
255 203 17 
256 203 17 
257 203 17 
258 204 17 
259 205 17 
259 206 17 
260 207 17 
260 208 17 
260 209 17 
260 210 17 
261 211 17 
261 212 17 
262 213 17 
263 213 17 
264 213 17 
265 213 17 
266 213 17 
V
Segmentation 2
153 199 17 
154 198 17 
154 197 17 
154 196 17 
153 195 17 
153 194 17 
152 193 17 
151 192 17 
150 191 17 
149 190 17 
148 190 17 
147 190 17 
146 189 17 
145 189 17 
144 189 17 
143 190 17 
142 191 17 
142 192 17 
142 193 17 
142 194 17 
142 195 17 
143 196 17 
144 197 17 
145 198 17 
146 199 17 
147 199 17 
148 199 17 
149 199 17 
150 199 17 
151 199 17 
152 199 17 
153 199 17 
V
Segmentation 3
175 227 17 
176 226 17 
177 226 17 
178 226 17 
179 226 17 
180 225 17 
181 224 17 
181 223 17 
182 223 17 
183 222 17 
184 221 17 
185 221 17 
186 220 17 
187 220 17 
188 220 17 
189 219 17 
189 218 17 
189 217 17 
189 216 17 
189 215 17 
189 214 17 
189 213 17 
189 212 17 
190 211 17 
189 210 17 
189 209 17 
189 208 17 
189 207 17 
189 206 17 
189 205 17 
189 204 17 
188 203 17 
187 202 17 
186 202 17 
185 201 17 
184 201 17 
183 201 17 
182 202 17 
181 202 17 
180 203 17 
179 204 17 
178 203 17 
177 203 17 
176 203 17 
175 203 17 
174 204 17 
174 205 17 
173 205 17 
172 206 17 
171 207 17 
171 208 17 
171 209 17 
171 210 17 
172 211 17 
173 212 17 
174 213 17 
174 214 17 
175 215 17 
174 216 17 
174 217 17 
174 218 17 
173 219 17 
173 220 17 
173 221 17 
173 222 17 
173 223 17 
172 224 17 
172 225 17 
172 226 17 
173 227 17 
174 227 17 
175 227 17 
V
Segmentation 4
291 389 17 
292 388 17 
293 388 17 
294 388 17 
295 387 17 
296 387 17 
297 386 17 
298 385 17 
299 384 17 
299 383 17 
299 382 17 
299 381 17 
299 380 17 
298 379 17 
298 378 17 
297 377 17 
297 376 17 
297 375 17 
297 374 17 
297 373 17 
297 372 17 
297 371 17 
297 370 17 
297 369 17 
298 368 17 
299 367 17 
299 366 17 
299 365 17 
300 364 17 
300 363 17 
301 362 17 
302 362 17 
303 361 17 
304 360 17 
304 359 17 
304 358 17 
304 357 17 
305 356 17 
305 355 17 
305 354 17 
304 353 17 
303 353 17 
302 352 17 
301 352 17 
300 353 17 
299 353 17 
298 353 17 
297 354 17 
296 354 17 
295 355 17 
294 355 17 
293 355 17 
292 354 17 
291 354 17 
290 354 17 
289 355 17 
289 356 17 
289 357 17 
289 358 17 
289 359 17 
288 360 17 
288 361 17 
287 362 17 
287 363 17 
286 364 17 
285 364 17 
284 364 17 
283 364 17 
282 364 17 
281 364 17 
280 364 17 
279 364 17 
278 364 17 
277 364 17 
276 364 17 
275 365 17 
275 366 17 
275 367 17 
275 368 17 
275 369 17 
275 370 17 
276 371 17 
277 372 17 
278 373 17 
279 373 17 
279 374 17 
279 375 17 
279 376 17 
278 377 17 
278 378 17 
277 379 17 
276 379 17 
275 380 17 
276 381 17 
276 382 17 
277 383 17 
277 384 17 
277 385 17 
278 386 17 
278 387 17 
279 388 17 
280 388 17 
281 388 17 
282 387 17 
283 387 17 
284 387 17 
285 387 17 
286 388 17 
287 389 17 
288 389 17 
289 389 17 
290 389 17 
291 389 17 
V
Segmentation 5
169 391 17 
170 390 17 
171 389 17 
171 388 17 
172 387 17 
173 386 17 
173 385 17 
172 384 17 
172 383 17 
171 382 17 
171 381 17 
172 380 17 
173 379 17 
173 378 17 
174 377 17 
175 376 17 
176 375 17 
176 374 17 
176 373 17 
176 372 17 
176 371 17 
176 370 17 
175 369 17 
174 368 17 
174 367 17 
173 366 17 
173 365 17 
173 364 17 
172 363 17 
171 362 17 
170 361 17 
169 360 17 
168 361 17 
167 362 17 
167 363 17 
166 364 17 
165 364 17 
164 363 17 
163 363 17 
162 362 17 
161 362 17 
160 362 17 
159 363 17 
158 364 17 
157 365 17 
157 366 17 
157 367 17 
157 368 17 
157 369 17 
157 370 17 
156 371 17 
155 372 17 
154 373 17 
153 374 17 
152 374 17 
151 374 17 
151 373 17 
150 372 17 
149 371 17 
148 370 17 
149 369 17 
149 368 17 
149 367 17 
149 366 17 
150 365 17 
149 364 17 
148 364 17 
147 363 17 
146 363 17 
145 362 17 
144 362 17 
143 362 17 
142 363 17 
141 363 17 
140 364 17 
140 365 17 
139 366 17 
140 367 17 
140 368 17 
140 369 17 
141 370 17 
141 371 17 
140 372 17 
140 373 17 
140 374 17 
141 375 17 
142 376 17 
143 377 17 
144 378 17 
145 378 17 
146 378 17 
147 378 17 
148 379 17 
148 380 17 
149 381 17 
149 382 17 
149 383 17 
150 384 17 
151 385 17 
152 385 17 
153 385 17 
154 386 17 
155 387 17 
156 388 17 
157 388 17 
158 389 17 
159 389 17 
160 389 17 
161 389 17 
162 389 17 
163 389 17 
164 389 17 
165 390 17 
166 391 17 
167 391 17 
168 391 17 
169 391 17 
V
Segmentation 0
268 207 18 
269 206 18 
270 205 18 
271 204 18 
272 203 18 
272 202 18 
271 201 18 
271 200 18 
271 199 18 
271 198 18 
270 197 18 
269 197 18 
269 196 18 
268 195 18 
268 194 18 
268 193 18 
268 192 18 
268 191 18 
268 190 18 
267 189 18 
266 188 18 
265 188 18 
264 188 18 
263 188 18 
262 188 18 
261 189 18 
260 189 18 
259 188 18 
258 188 18 
257 187 18 
256 186 18 
255 187 18 
254 187 18 
253 188 18 
252 188 18 
251 189 18 
251 190 18 
251 191 18 
251 192 18 
251 193 18 
251 194 18 
250 194 18 
249 195 18 
248 196 18 
247 196 18 
246 197 18 
246 198 18 
246 199 18 
247 200 18 
247 201 18 
247 202 18 
248 203 18 
249 204 18 
250 203 18 
251 203 18 
252 203 18 
253 203 18 
254 203 18 
255 203 18 
256 203 18 
257 204 18 
258 204 18 
258 205 18 
259 206 18 
260 207 18 
261 206 18 
262 205 18 
263 204 18 
264 205 18 
265 205 18 
266 206 18 
267 206 18 
268 207 18 
V
Segmentation 1
167 231 18 
168 230 18 
169 229 18 
169 228 18 
169 227 18 
170 226 18 
171 226 18 
172 226 18 
173 225 18 
173 224 18 
172 223 18 
172 222 18 
172 221 18 
172 220 18 
172 219 18 
172 218 18 
173 218 18 
174 217 18 
175 217 18 
176 218 18 
177 219 18 
178 220 18 
179 221 18 
180 221 18 
181 221 18 
182 221 18 
183 221 18 
184 220 18 
185 219 18 
185 218 18 
185 217 18 
186 216 18 
186 215 18 
186 214 18 
187 213 18 
188 213 18 
189 213 18 
190 213 18 
191 213 18 
192 213 18 
193 212 18 
194 212 18 
195 212 18 
196 211 18 
196 210 18 
196 209 18 
196 208 18 
196 207 18 
196 206 18 
195 205 18 
194 204 18 
193 204 18 
192 203 18 
191 203 18 
190 203 18 
189 204 18 
188 204 18 
187 204 18 
186 204 18 
185 203 18 
184 203 18 
183 203 18 
182 204 18 
181 204 18 
180 204 18 
179 204 18 
178 204 18 
177 203 18 
176 203 18 
175 203 18 
174 204 18 
173 204 18 
172 205 18 
172 206 18 
172 207 18 
172 208 18 
171 209 18 
170 210 18 
169 211 18 
168 212 18 
168 213 18 
168 214 18 
168 215 18 
168 216 18 
169 217 18 
169 218 18 
168 219 18 
167 219 18 
166 220 18 
165 220 18 
164 221 18 
163 221 18 
162 222 18 
161 223 18 
161 224 18 
160 225 18 
160 226 18 
160 227 18 
161 228 18 
162 229 18 
163 230 18 
164 230 18 
165 231 18 
166 231 18 
167 231 18 
V
Segmentation 2
293 395 18 
294 394 18 
295 393 18 
296 392 18 
297 391 18 
297 390 18 
296 389 18 
296 388 18 
295 387 18 
295 386 18 
296 385 18 
297 384 18 
297 383 18 
298 382 18 
298 381 18 
297 380 18 
296 379 18 
295 378 18 
295 377 18 
295 376 18 
295 375 18 
295 374 18 
295 373 18 
296 372 18 
297 372 18 
298 371 18 
299 370 18 
299 369 18 
299 368 18 
299 367 18 
299 366 18 
299 365 18 
299 364 18 
300 363 18 
301 362 18 
302 361 18 
302 360 18 
302 359 18 
302 358 18 
301 357 18 
301 356 18 
300 355 18 
300 354 18 
300 353 18 
300 352 18 
300 351 18 
299 350 18 
299 349 18 
298 348 18 
297 348 18 
296 347 18 
295 347 18 
294 346 18 
293 346 18 
292 347 18 
291 348 18 
290 349 18 
289 348 18 
288 348 18 
287 348 18 
286 348 18 
285 347 18 
284 347 18 
283 347 18 
282 348 18 
282 349 18 
282 350 18 
281 351 18 
281 352 18 
281 353 18 
281 354 18 
280 354 18 
279 355 18 
278 355 18 
277 355 18 
276 355 18 
275 356 18 
274 357 18 
273 357 18 
272 358 18 
272 359 18 
272 360 18 
272 361 18 
272 362 18 
271 363 18 
270 364 18 
269 365 18 
268 366 18 
268 367 18 
268 368 18 
268 369 18 
269 370 18 
270 371 18 
271 372 18 
272 372 18 
271 373 18 
271 374 18 
271 375 18 
270 376 18 
270 377 18 
270 378 18 
271 379 18 
272 379 18 
273 380 18 
274 380 18 
275 381 18 
276 381 18 
277 381 18 
278 381 18 
279 381 18 
280 381 18 
281 382 18 
282 383 18 
283 384 18 
284 385 18 
285 385 18 
286 386 18 
287 386 18 
287 387 18 
287 388 18 
287 389 18 
287 390 18 
287 391 18 
287 392 18 
287 393 18 
288 394 18 
289 394 18 
290 395 18 
291 395 18 
292 395 18 
293 395 18 
V
Segmentation 3
147 388 18 
148 387 18 
149 386 18 
149 385 18 
149 384 18 
149 383 18 
150 382 18 
151 382 18 
152 381 18 
153 381 18 
154 381 18 
155 381 18 
156 381 18 
157 380 18 
158 380 18 
159 380 18 
160 380 18 
161 381 18 
162 380 18 
162 379 18 
162 378 18 
162 377 18 
162 376 18 
162 375 18 
162 374 18 
163 375 18 
163 376 18 
164 377 18 
165 378 18 
166 379 18 
167 379 18 
168 379 18 
169 380 18 
170 380 18 
171 380 18 
172 380 18 
173 380 18 
174 380 18 
175 380 18 
176 380 18 
177 380 18 
178 380 18 
179 380 18 
180 379 18 
181 379 18 
182 379 18 
183 378 18 
184 378 18 
185 378 18 
186 377 18 
187 377 18 
188 376 18 
189 375 18 
189 374 18 
189 373 18 
189 372 18 
188 371 18 
188 370 18 
187 369 18 
187 368 18 
186 367 18 
186 366 18 
186 365 18 
185 364 18 
185 363 18 
184 362 18 
184 361 18 
183 360 18 
183 359 18 
182 358 18 
182 357 18 
181 356 18 
181 355 18 
180 354 18 
179 353 18 
178 352 18 
177 351 18 
176 350 18 
175 350 18 
174 349 18 
173 349 18 
172 349 18 
171 349 18 
170 349 18 
169 349 18 
168 349 18 
167 349 18 
166 349 18 
165 349 18 
164 349 18 
163 349 18 
162 349 18 
161 349 18 
160 350 18 
159 350 18 
158 350 18 
157 351 18 
156 352 18 
155 352 18 
154 353 18 
154 354 18 
153 354 18 
152 355 18 
152 356 18 
152 357 18 
152 358 18 
152 359 18 
153 360 18 
153 361 18 
154 362 18 
153 362 18 
152 362 18 
151 362 18 
150 363 18 
149 363 18 
148 364 18 
147 364 18 
146 363 18 
145 363 18 
145 362 18 
145 361 18 
145 360 18 
145 359 18 
144 358 18 
144 357 18 
144 356 18 
143 355 18 
142 355 18 
141 356 18 
140 356 18 
139 356 18 
138 356 18 
137 356 18 
136 357 18 
135 358 18 
134 359 18 
134 360 18 
133 361 18 
132 362 18 
131 363 18 
131 364 18 
132 365 18 
132 366 18 
131 367 18 
131 368 18 
130 369 18 
130 370 18 
130 371 18 
131 372 18 
132 372 18 
133 373 18 
134 374 18 
135 375 18 
135 376 18 
136 377 18 
137 378 18 
138 378 18 
139 378 18 
140 378 18 
140 379 18 
140 380 18 
140 381 18 
140 382 18 
140 383 18 
140 384 18 
140 385 18 
140 386 18 
141 387 18 
142 388 18 
143 388 18 
144 387 18 
145 387 18 
146 388 18 
147 388 18 
V
Segmentation 4
161 371 18 
161 372 18 
160 371 18 
159 371 18 
158 370 18 
157 370 18 
157 369 18 
157 368 18 
158 367 18 
159 368 18 
160 369 18 
161 370 18 
161 371 18 
V
Segmentation 5
162 373 18 
162 374 18 
161 373 18 
161 372 18 
162 373 18 
V
Segmentation 0
271 229 19 
272 228 19 
273 228 19 
274 227 19 
275 227 19 
276 226 19 
276 225 19 
276 224 19 
276 223 19 
276 222 19 
276 221 19 
276 220 19 
275 219 19 
274 219 19 
273 218 19 
272 218 19 
272 217 19 
272 216 19 
272 215 19 
272 214 19 
272 213 19 
272 212 19 
272 211 19 
272 210 19 
272 209 19 
272 208 19 
271 207 19 
271 206 19 
271 205 19 
271 204 19 
271 203 19 
272 202 19 
273 201 19 
273 200 19 
273 199 19 
273 198 19 
273 197 19 
272 196 19 
271 195 19 
270 195 19 
269 194 19 
268 194 19 
267 194 19 
266 195 19 
265 196 19 
264 197 19 
263 197 19 
262 196 19 
261 195 19 
260 195 19 
259 194 19 
258 195 19 
257 196 19 
256 196 19 
255 196 19 
254 197 19 
253 196 19 
252 195 19 
251 195 19 
250 195 19 
249 195 19 
248 195 19 
247 196 19 
246 197 19 
246 198 19 
246 199 19 
246 200 19 
245 201 19 
245 202 19 
245 203 19 
246 204 19 
247 204 19 
248 205 19 
249 205 19 
250 205 19 
251 206 19 
251 207 19 
251 208 19 
252 209 19 
252 210 19 
253 211 19 
254 212 19 
255 213 19 
256 213 19 
257 214 19 
257 215 19 
258 216 19 
258 217 19 
258 218 19 
258 219 19 
258 220 19 
258 221 19 
258 222 19 
258 223 19 
257 224 19 
258 225 19 
258 226 19 
259 227 19 
260 227 19 
261 228 19 
262 228 19 
263 229 19 
264 229 19 
265 229 19 
266 229 19 
267 228 19 
268 228 19 
269 228 19 
270 228 19 
271 229 19 
V
Segmentation 1
178 243 19 
179 242 19 
180 242 19 
181 241 19 
181 240 19 
181 239 19 
182 238 19 
182 237 19 
183 236 19 
183 235 19 
182 234 19 
183 233 19 
183 232 19 
183 231 19 
183 230 19 
184 229 19 
185 228 19 
186 228 19 
187 227 19 
187 226 19 
187 225 19 
187 224 19 
188 223 19 
188 222 19 
188 221 19 
189 220 19 
190 220 19 
191 219 19 
191 218 19 
192 217 19 
192 216 19 
192 215 19 
192 214 19 
191 213 19 
190 212 19 
189 211 19 
189 210 19 
188 209 19 
188 208 19 
188 207 19 
187 206 19 
186 205 19 
185 205 19 
184 205 19 
183 206 19 
182 207 19 
181 208 19 
180 209 19 
179 210 19 
178 210 19 
177 209 19 
176 209 19 
175 210 19 
174 211 19 
174 212 19 
173 213 19 
172 213 19 
171 213 19 
170 213 19 
169 213 19 
168 213 19 
167 214 19 
166 215 19 
166 216 19 
165 217 19 
165 218 19 
164 219 19 
164 220 19 
165 221 19 
166 222 19 
167 222 19 
168 222 19 
169 222 19 
170 222 19 
171 222 19 
172 223 19 
172 224 19 
173 225 19 
174 226 19 
173 227 19 
173 228 19 
173 229 19 
173 230 19 
173 231 19 
174 232 19 
174 233 19 
174 234 19 
174 235 19 
174 236 19 
174 237 19 
173 238 19 
174 239 19 
174 240 19 
174 241 19 
175 242 19 
176 243 19 
177 243 19 
178 243 19 
V
Segmentation 2
292 235 19 
293 234 19 
294 233 19 
294 232 19 
294 231 19 
295 230 19 
295 229 19 
296 228 19 
297 228 19 
298 227 19 
299 227 19 
300 228 19 
301 228 19 
302 228 19 
303 228 19 
304 229 19 
305 229 19 
306 229 19 
307 229 19 
308 229 19 
309 229 19 
310 229 19 
311 228 19 
312 228 19 
313 227 19 
314 226 19 
314 225 19 
314 224 19 
314 223 19 
313 222 19 
312 222 19 
311 221 19 
310 220 19 
309 220 19 
308 220 19 
307 220 19 
306 220 19 
305 220 19 
304 219 19 
303 218 19 
302 217 19 
301 218 19 
300 218 19 
299 219 19 
298 219 19 
297 219 19 
296 219 19 
295 218 19 
294 219 19 
293 219 19 
292 220 19 
291 221 19 
290 221 19 
289 221 19 
288 221 19 
287 220 19 
286 220 19 
285 220 19 
284 220 19 
283 220 19 
282 221 19 
282 222 19 
282 223 19 
282 224 19 
281 225 19 
281 226 19 
281 227 19 
281 228 19 
282 229 19 
283 229 19 
284 230 19 
284 231 19 
285 232 19 
286 233 19 
287 234 19 
288 235 19 
289 235 19 
290 235 19 
291 235 19 
292 235 19 
V
Segmentation 3
142 253 19 
143 252 19 
144 252 19 
145 251 19 
146 250 19 
145 249 19 
145 248 19 
145 247 19 
145 246 19 
146 245 19 
146 244 19 
146 243 19 
145 242 19 
144 241 19 
143 240 19 
142 240 19 
141 240 19 
140 240 19 
139 241 19 
138 242 19 
138 243 19 
137 244 19 
137 245 19 
138 246 19 
138 247 19 
137 248 19 
137 249 19 
138 250 19 
139 251 19 
140 252 19 
141 253 19 
142 253 19 
V
Segmentation 4
184 372 19 
185 371 19 
186 371 19 
187 370 19 
188 369 19 
189 368 19 
190 367 19 
191 366 19 
192 365 19 
192 364 19 
192 363 19 
192 362 19 
192 361 19 
192 360 19 
192 359 19 
192 358 19 
191 357 19 
191 356 19 
190 355 19 
190 354 19 
190 353 19 
189 352 19 
189 351 19 
189 350 19 
189 349 19 
188 348 19 
187 348 19 
186 348 19 
185 348 19 
184 347 19 
184 346 19 
184 345 19 
184 344 19 
184 343 19 
184 342 19 
183 341 19 
182 340 19 
181 339 19 
180 339 19 
179 339 19 
178 339 19 
177 339 19 
176 339 19 
175 339 19 
174 338 19 
173 337 19 
172 337 19 
171 337 19 
170 337 19 
169 338 19 
168 339 19 
167 340 19 
167 341 19 
167 342 19 
167 343 19 
168 344 19 
168 345 19 
167 346 19 
166 347 19 
165 347 19 
164 348 19 
164 349 19 
164 350 19 
164 351 19 
164 352 19 
165 353 19 
166 354 19 
167 355 19 
168 355 19 
168 356 19 
169 357 19 
169 358 19 
168 359 19 
168 360 19 
168 361 19 
169 362 19 
170 363 19 
171 364 19 
171 365 19 
171 366 19 
172 367 19 
173 367 19 
174 368 19 
175 369 19 
176 370 19 
177 370 19 
178 370 19 
179 370 19 
180 371 19 
181 372 19 
182 372 19 
183 372 19 
184 372 19 
V
Segmentation 5
275 382 19 
276 381 19 
277 381 19 
278 380 19 
279 380 19 
280 379 19 
281 380 19 
282 380 19 
283 380 19 
284 380 19 
285 380 19 
286 379 19 
287 378 19 
287 377 19 
287 376 19 
287 375 19 
287 374 19 
288 373 19 
289 372 19 
290 372 19 
291 371 19 
292 370 19 
293 369 19 
293 368 19 
293 367 19 
293 366 19 
293 365 19 
292 364 19 
292 363 19 
293 363 19 
294 363 19 
295 363 19 
296 364 19 
297 364 19 
298 364 19 
299 364 19 
300 364 19 
301 363 19 
301 362 19 
301 361 19 
301 360 19 
301 359 19 
300 358 19 
300 357 19 
299 356 19 
299 355 19 
299 354 19 
300 353 19 
300 352 19 
300 351 19 
300 350 19 
299 349 19 
298 348 19 
297 347 19 
296 346 19 
295 345 19 
294 344 19 
293 343 19 
292 342 19 
291 342 19 
290 342 19 
289 342 19 
288 342 19 
287 342 19 
286 341 19 
286 340 19 
285 339 19 
284 339 19 
283 339 19 
282 339 19 
281 339 19 
280 340 19 
279 340 19 
278 341 19 
278 342 19 
278 343 19 
277 344 19 
278 345 19 
277 346 19 
276 346 19 
275 346 19 
274 346 19 
273 346 19 
272 346 19 
271 346 19 
270 347 19 
269 346 19 
268 345 19 
267 345 19 
266 346 19 
265 346 19 
264 346 19 
263 346 19 
262 346 19 
261 347 19 
261 348 19 
261 349 19 
260 350 19 
260 351 19 
260 352 19 
259 352 19 
258 353 19 
257 353 19 
256 353 19 
255 353 19 
254 354 19 
254 355 19 
254 356 19 
254 357 19 
254 358 19 
254 359 19 
254 360 19 
254 361 19 
255 362 19 
256 362 19 
257 362 19 
258 363 19 
259 363 19 
260 363 19 
260 364 19 
260 365 19 
260 366 19 
260 367 19 
260 368 19 
260 369 19 
260 370 19 
260 371 19 
260 372 19 
261 373 19 
262 374 19 
263 375 19 
264 375 19 
265 376 19 
266 377 19 
267 377 19 
268 378 19 
269 379 19 
270 380 19 
271 380 19 
272 381 19 
273 381 19 
274 382 19 
275 382 19 
V
Segmentation 6
129 375 19 
130 374 19 
131 374 19 
132 374 19 
133 374 19 
134 373 19 
135 373 19 
136 372 19 
137 373 19 
138 372 19 
139 371 19 
140 371 19 
141 371 19 
142 371 19 
143 370 19 
144 369 19 
144 368 19 
144 367 19 
144 366 19 
144 365 19 
143 364 19 
143 363 19 
142 362 19 
141 362 19 
140 362 19 
139 362 19 
138 362 19 
137 362 19 
136 362 19 
135 361 19 
134 362 19 
133 362 19 
132 362 19 
131 362 19 
130 362 19 
129 362 19 
128 362 19 
127 362 19 
127 361 19 
127 360 19 
127 359 19 
127 358 19 
127 357 19 
128 356 19 
128 355 19 
127 354 19 
126 353 19 
125 352 19 
124 352 19 
123 352 19 
122 353 19 
121 353 19 
120 354 19 
119 354 19 
118 355 19 
118 356 19 
118 357 19 
118 358 19 
119 359 19 
119 360 19 
119 361 19 
119 362 19 
118 363 19 
118 364 19 
118 365 19 
118 366 19 
119 367 19 
120 368 19 
121 368 19 
122 368 19 
123 369 19 
124 370 19 
125 371 19 
126 372 19 
126 373 19 
127 374 19 
128 375 19 
129 375 19 
V
Segmentation 0
189 174 20 
190 173 20 
190 172 20 
191 172 20 
192 171 20 
192 170 20 
191 169 20 
191 168 20 
191 167 20 
191 166 20 
190 165 20 
189 164 20 
188 164 20 
187 165 20 
186 165 20 
185 166 20 
184 166 20 
183 166 20 
182 167 20 
182 168 20 
182 169 20 
182 170 20 
182 171 20 
182 172 20 
182 173 20 
183 174 20 
184 174 20 
185 174 20 
186 174 20 
187 174 20 
188 174 20 
189 174 20 
V
Segmentation 1
257 253 20 
258 252 20 
259 252 20 
260 252 20 
261 251 20 
262 250 20 
262 249 20 
263 248 20 
263 247 20 
263 246 20 
264 246 20 
265 245 20 
266 245 20 
267 245 20 
268 244 20 
269 244 20 
270 243 20 
270 242 20 
270 241 20 
270 240 20 
270 239 20 
271 238 20 
271 237 20 
271 236 20 
271 235 20 
270 234 20 
270 233 20 
271 232 20 
271 231 20 
271 230 20 
271 229 20 
270 228 20 
270 227 20 
270 226 20 
270 225 20 
270 224 20 
270 223 20 
270 222 20 
270 221 20 
270 220 20 
270 219 20 
270 218 20 
271 217 20 
271 216 20 
271 215 20 
272 214 20 
273 213 20 
272 212 20 
271 211 20 
270 211 20 
269 210 20 
268 209 20 
267 209 20 
267 208 20 
267 207 20 
268 206 20 
268 205 20 
268 204 20 
267 203 20 
266 202 20 
265 201 20 
264 200 20 
263 201 20 
262 201 20 
261 201 20 
260 202 20 
259 202 20 
258 202 20 
257 202 20 
256 202 20 
255 203 20 
254 203 20 
253 204 20 
252 204 20 
251 205 20 
250 206 20 
251 207 20 
251 208 20 
251 209 20 
251 210 20 
251 211 20 
250 211 20 
249 212 20 
248 212 20 
247 212 20 
246 213 20 
245 214 20 
245 215 20 
245 216 20 
245 217 20 
245 218 20 
245 219 20 
245 220 20 
246 221 20 
246 222 20 
245 223 20 
245 224 20 
244 225 20 
244 226 20 
244 227 20 
244 228 20 
243 229 20 
242 229 20 
241 230 20 
240 230 20 
239 231 20 
239 232 20 
239 233 20 
239 234 20 
240 235 20 
241 236 20 
242 237 20 
243 238 20 
244 239 20 
245 240 20 
246 239 20 
247 239 20 
248 239 20 
249 239 20 
250 239 20 
251 240 20 
252 240 20 
253 241 20 
253 242 20 
254 243 20 
254 244 20 
254 245 20 
254 246 20 
254 247 20 
254 248 20 
254 249 20 
255 250 20 
255 251 20 
256 252 20 
257 253 20 
V
Segmentation 2
183 237 20 
184 236 20 
185 235 20 
185 234 20 
186 233 20 
187 232 20 
188 231 20 
187 230 20 
186 230 20 
185 230 20 
184 230 20 
183 229 20 
182 229 20 
181 228 20 
180 227 20 
179 228 20 
178 229 20 
177 230 20 
176 231 20 
175 232 20 
175 233 20 
176 234 20 
177 235 20 
178 236 20 
179 237 20 
180 237 20 
181 237 20 
182 237 20 
183 237 20 
V
Segmentation 3
134 252 20 
135 251 20 
136 251 20 
137 251 20 
138 250 20 
138 249 20 
138 248 20 
138 247 20 
138 246 20 
138 245 20 
137 244 20 
136 243 20 
135 243 20 
134 242 20 
133 242 20 
132 242 20 
131 243 20 
130 243 20 
129 244 20 
129 245 20 
129 246 20 
129 247 20 
129 248 20 
129 249 20 
129 250 20 
130 251 20 
131 252 20 
132 252 20 
133 252 20 
134 252 20 
V
Segmentation 4
178 254 20 
179 253 20 
180 253 20 
181 252 20 
182 252 20 
183 251 20 
183 250 20 
182 249 20 
182 248 20 
183 247 20 
182 246 20 
182 245 20 
181 244 20 
180 243 20 
179 243 20 
178 243 20 
177 243 20 
176 243 20 
175 243 20 
174 244 20 
174 245 20 
174 246 20 
175 247 20 
175 248 20 
175 249 20 
175 250 20 
175 251 20 
176 252 20 
177 253 20 
178 254 20 
V
Segmentation 5
192 309 20 
193 308 20 
194 307 20 
195 306 20 
195 305 20 
195 304 20 
195 303 20 
195 302 20 
195 301 20 
196 300 20 
195 299 20 
194 298 20 
193 297 20 
192 297 20 
191 298 20 
190 298 20 
190 297 20 
190 296 20 
190 295 20 
190 294 20 
190 293 20 
190 292 20 
189 291 20 
189 290 20 
189 289 20 
189 288 20 
190 287 20 
191 286 20 
191 285 20 
191 284 20 
191 283 20 
191 282 20 
191 281 20 
191 280 20 
191 279 20 
191 278 20 
191 277 20 
191 276 20 
190 275 20 
189 275 20 
188 275 20 
187 275 20 
186 276 20 
185 275 20 
184 274 20 
183 274 20 
182 273 20 
181 272 20 
180 272 20 
179 273 20 
178 274 20 
178 275 20 
178 276 20 
178 277 20 
178 278 20 
178 279 20 
178 280 20 
178 281 20 
178 282 20 
179 283 20 
179 284 20 
179 285 20 
179 286 20 
179 287 20 
179 288 20 
179 289 20 
178 290 20 
178 291 20 
178 292 20 
178 293 20 
178 294 20 
178 295 20 
178 296 20 
178 297 20 
179 298 20 
179 299 20 
179 300 20 
179 301 20 
180 302 20 
180 303 20 
180 304 20 
180 305 20 
179 306 20 
179 307 20 
179 308 20 
180 309 20 
181 309 20 
182 309 20 
183 308 20 
184 308 20 
185 308 20 
186 307 20 
187 307 20 
188 307 20 
189 308 20 
190 308 20 
191 309 20 
192 309 20 
V
Segmentation 6
314 318 20 
315 317 20 
316 316 20 
317 315 20 
317 314 20 
317 313 20 
316 312 20 
316 311 20 
316 310 20 
316 309 20 
316 308 20 
315 307 20 
314 306 20 
313 307 20 
312 307 20 
311 307 20 
310 308 20 
309 309 20 
308 310 20 
308 311 20 
308 312 20 
308 313 20 
308 314 20 
309 315 20 
310 315 20 
311 316 20 
312 316 20 
313 317 20 
314 318 20 
V
Segmentation 7
267 379 20 
268 378 20 
269 377 20 
270 377 20 
271 377 20 
272 377 20 
273 377 20 
274 376 20 
274 375 20 
274 374 20 
275 374 20 
276 374 20 
277 374 20 
278 374 20 
279 373 20 
279 372 20 
279 371 20 
279 370 20 
280 369 20 
281 368 20 
281 367 20 
281 366 20 
280 365 20 
280 364 20 
280 363 20 
280 362 20 
280 361 20 
280 360 20 
280 359 20 
280 358 20 
281 357 20 
282 357 20 
283 356 20 
284 355 20 
284 354 20 
284 353 20 
285 352 20 
286 351 20 
286 350 20 
286 349 20 
285 348 20 
284 347 20 
283 347 20 
282 346 20 
281 346 20 
280 345 20 
280 344 20 
280 343 20 
280 342 20 
280 341 20 
281 340 20 
281 339 20 
281 338 20 
280 337 20 
279 336 20 
278 336 20 
277 336 20 
276 336 20 
275 336 20 
274 336 20 
273 337 20 
272 338 20 
271 339 20 
270 339 20 
269 338 20 
268 338 20 
267 337 20 
267 336 20 
267 335 20 
267 334 20 
267 333 20 
267 332 20 
267 331 20 
268 330 20 
269 330 20 
270 330 20 
271 330 20 
272 330 20 
273 330 20 
274 331 20 
275 330 20 
276 329 20 
277 328 20 
277 327 20 
277 326 20 
276 325 20 
275 324 20 
274 323 20 
273 322 20 
273 321 20 
274 320 20 
274 319 20 
275 318 20 
275 317 20 
274 316 20 
273 315 20 
272 314 20 
271 313 20 
270 312 20 
270 311 20 
270 310 20 
270 309 20 
269 308 20 
268 307 20 
267 307 20 
266 307 20 
265 308 20 
265 309 20 
265 310 20 
265 311 20 
265 312 20 
265 313 20 
265 314 20 
265 315 20 
265 316 20 
265 317 20 
266 318 20 
266 319 20 
266 320 20 
266 321 20 
266 322 20 
265 323 20 
265 324 20 
264 325 20 
263 326 20 
262 327 20 
262 328 20 
262 329 20 
262 330 20 
262 331 20 
261 332 20 
260 332 20 
259 333 20 
259 334 20 
259 335 20 
259 336 20 
259 337 20 
258 338 20 
257 338 20 
256 339 20 
255 340 20 
255 341 20 
255 342 20 
255 343 20 
255 344 20 
255 345 20 
255 346 20 
254 347 20 
253 348 20 
253 349 20 
253 350 20 
253 351 20 
253 352 20 
253 353 20 
253 354 20 
254 355 20 
254 356 20 
254 357 20 
254 358 20 
254 359 20 
254 360 20 
254 361 20 
254 362 20 
255 363 20 
256 363 20 
257 363 20 
258 363 20 
258 364 20 
258 365 20 
258 366 20 
259 367 20 
259 368 20 
260 369 20 
261 370 20 
261 371 20 
262 372 20 
262 373 20 
261 374 20 
260 375 20 
260 376 20 
261 377 20 
262 377 20 
263 377 20 
264 377 20 
265 378 20 
266 378 20 
267 379 20 
V
Segmentation 8
188 323 20 
189 322 20 
190 321 20 
191 320 20 
191 319 20 
192 318 20 
192 317 20 
191 316 20 
191 315 20 
190 314 20 
189 314 20 
188 314 20 
187 314 20 
186 314 20 
185 314 20 
184 315 20 
183 315 20 
182 315 20 
181 314 20 
180 315 20 
180 316 20 
180 317 20 
181 318 20 
181 319 20 
181 320 20 
181 321 20 
181 322 20 
182 323 20 
183 323 20 
184 323 20 
185 323 20 
186 323 20 
187 323 20 
188 323 20 
V
Segmentation 9
148 339 20 
149 338 20 
150 337 20 
150 336 20 
151 335 20 
151 334 20 
151 333 20 
151 332 20 
150 331 20 
149 331 20 
148 330 20 
147 330 20 
146 329 20 
145 329 20 
144 328 20 
143 328 20 
143 327 20 
144 327 20 
145 326 20 
146 325 20 
147 325 20 
148 324 20 
148 323 20 
149 322 20 
148 321 20 
148 320 20 
148 319 20 
148 318 20 
148 317 20 
147 316 20 
146 315 20 
145 315 20 
144 315 20 
143 315 20 
142 316 20 
141 316 20 
140 317 20 
139 318 20 
139 319 20 
138 320 20 
137 321 20 
137 322 20 
136 323 20 
136 324 20 
136 325 20 
136 326 20 
136 327 20 
135 328 20 
135 329 20 
135 330 20 
135 331 20 
136 332 20 
137 332 20 
138 332 20 
139 332 20 
140 332 20 
141 333 20 
142 333 20 
142 334 20 
142 335 20 
142 336 20 
143 337 20 
144 338 20 
145 339 20 
146 339 20 
147 339 20 
148 339 20 
V
Segmentation 10
316 380 20 
317 379 20 
318 378 20 
318 377 20 
318 376 20 
318 375 20 
318 374 20 
318 373 20 
318 372 20 
319 372 20 
320 372 20 
321 371 20 
322 371 20 
323 370 20 
324 369 20 
324 368 20 
324 367 20 
324 366 20 
324 365 20 
324 364 20 
325 364 20 
326 363 20 
327 363 20 
328 363 20 
329 364 20 
330 364 20 
331 364 20 
332 364 20 
333 364 20 
334 363 20 
335 362 20 
335 361 20 
335 360 20 
335 359 20 
336 358 20 
336 357 20 
336 356 20 
335 355 20 
334 355 20 
333 354 20 
332 354 20 
332 353 20 
332 352 20 
332 351 20 
332 350 20 
332 349 20 
332 348 20 
333 347 20 
334 346 20 
334 345 20 
334 344 20 
334 343 20 
333 342 20 
333 341 20 
333 340 20 
332 339 20 
331 339 20 
330 339 20 
329 339 20 
328 339 20 
327 339 20 
326 339 20 
325 338 20 
324 337 20 
323 337 20 
322 337 20 
321 337 20 
320 338 20 
319 338 20 
318 338 20 
317 339 20 
317 340 20 
317 341 20 
317 342 20 
318 343 20 
318 344 20 
318 345 20 
317 346 20 
316 347 20 
315 348 20 
314 349 20 
314 350 20 
315 351 20 
315 352 20 
315 353 20 
314 354 20 
313 354 20 
312 355 20 
311 356 20 
310 356 20 
309 355 20 
308 355 20 
307 354 20 
306 355 20 
305 355 20 
304 356 20 
303 357 20 
302 358 20 
302 359 20 
302 360 20 
302 361 20 
302 362 20 
303 363 20 
304 363 20 
305 364 20 
305 365 20 
306 366 20 
306 367 20 
306 368 20 
306 369 20 
307 370 20 
307 371 20 
307 372 20 
307 373 20 
307 374 20 
308 375 20 
308 376 20 
307 377 20 
308 378 20 
309 378 20 
310 378 20 
311 379 20 
312 379 20 
313 379 20 
314 380 20 
315 380 20 
316 380 20 
V
Segmentation 11
190 364 20 
191 363 20 
192 362 20 
192 361 20 
192 360 20 
192 359 20 
192 358 20 
192 357 20 
192 356 20 
191 355 20 
190 355 20 
189 354 20 
188 354 20 
188 353 20 
188 352 20 
189 351 20 
188 350 20 
188 349 20 
188 348 20 
187 347 20 
186 347 20 
185 346 20 
184 346 20 
183 346 20 
182 347 20 
181 347 20 
180 347 20 
179 348 20 
180 349 20 
180 350 20 
180 351 20 
180 352 20 
180 353 20 
180 354 20 
180 355 20 
181 356 20 
181 357 20 
181 358 20 
181 359 20 
182 360 20 
182 361 20 
183 362 20 
184 363 20 
185 363 20 
186 363 20 
187 364 20 
188 364 20 
189 364 20 
190 364 20 
V
Segmentation 0
269 365 21 
270 364 21 
271 364 21 
272 363 21 
272 362 21 
272 361 21 
272 360 21 
272 359 21 
272 358 21 
272 357 21 
272 356 21 
272 355 21 
273 354 21 
274 353 21 
274 352 21 
275 351 21 
275 350 21 
275 349 21 
275 348 21 
275 347 21 
275 346 21 
274 345 21 
273 344 21 
273 343 21 
273 342 21 
273 341 21 
273 340 21 
273 339 21 
274 338 21 
275 337 21 
275 336 21 
275 335 21 
275 334 21 
276 333 21 
276 332 21 
275 331 21 
275 330 21 
275 329 21 
275 328 21 
275 327 21 
274 326 21 
273 325 21 
273 324 21 
274 323 21 
275 322 21 
276 321 21 
277 320 21 
278 319 21 
278 318 21 
278 317 21 
278 316 21 
277 315 21 
276 314 21 
275 314 21 
274 313 21 
274 312 21 
274 311 21 
274 310 21 
273 309 21 
272 308 21 
271 307 21 
270 306 21 
269 306 21 
268 306 21 
268 305 21 
268 304 21 
268 303 21 
268 302 21 
269 301 21 
269 300 21 
269 299 21 
270 298 21 
270 297 21 
270 296 21 
270 295 21 
270 294 21 
270 293 21 
269 292 21 
270 291 21 
270 290 21 
270 289 21 
270 288 21 
270 287 21 
271 286 21 
271 285 21 
271 284 21 
271 283 21 
270 282 21 
271 281 21 
271 280 21 
271 279 21 
270 278 21 
270 277 21 
271 277 21 
272 277 21 
273 277 21 
274 276 21 
275 276 21 
276 276 21 
277 275 21 
277 274 21 
277 273 21 
277 272 21 
277 271 21 
276 270 21 
276 269 21 
276 268 21 
275 267 21 
274 267 21 
273 267 21 
272 267 21 
272 266 21 
271 265 21 
271 264 21 
271 263 21 
271 262 21 
271 261 21 
271 260 21 
271 259 21 
271 258 21 
271 257 21 
271 256 21 
271 255 21 
271 254 21 
271 253 21 
271 252 21 
271 251 21 
271 250 21 
271 249 21 
271 248 21 
271 247 21 
271 246 21 
271 245 21 
271 244 21 
270 243 21 
270 242 21 
270 241 21 
270 240 21 
270 239 21 
270 238 21 
269 237 21 
269 236 21 
270 235 21 
271 234 21 
272 233 21 
272 232 21 
271 231 21 
271 230 21 
272 229 21 
272 228 21 
271 227 21 
270 226 21 
269 225 21 
268 225 21 
267 226 21 
266 227 21 
265 228 21 
264 228 21 
263 227 21 
262 226 21 
261 226 21 
260 225 21 
259 225 21 
258 225 21 
257 226 21 
256 227 21 
255 228 21 
254 228 21 
253 227 21 
252 227 21 
251 227 21 
250 227 21 
249 227 21 
248 228 21 
247 228 21 
246 229 21 
246 230 21 
246 231 21 
246 232 21 
246 233 21 
246 234 21 
246 235 21 
247 236 21 
248 236 21 
249 236 21 
250 237 21 
251 237 21 
251 238 21 
251 239 21 
251 240 21 
251 241 21 
251 242 21 
250 243 21 
249 244 21 
248 244 21 
247 244 21 
246 245 21 
246 246 21 
247 247 21 
247 248 21 
247 249 21 
246 250 21 
246 251 21 
247 252 21 
248 252 21 
249 252 21 
250 253 21 
251 253 21 
251 254 21 
251 255 21 
252 256 21 
252 257 21 
252 258 21 
251 259 21 
250 260 21 
249 261 21 
248 262 21 
248 263 21 
247 264 21 
247 265 21 
248 266 21 
249 267 21 
250 268 21 
251 269 21 
252 269 21 
253 269 21 
254 268 21 
255 268 21 
256 268 21 
257 268 21 
258 269 21 
259 270 21 
259 271 21 
259 272 21 
259 273 21 
259 274 21 
259 275 21 
258 275 21 
257 275 21 
256 276 21 
255 276 21 
254 276 21 
253 277 21 
253 278 21 
253 279 21 
253 280 21 
253 281 21 
253 282 21 
253 283 21 
252 284 21 
252 285 21 
252 286 21 
252 287 21 
252 288 21 
252 289 21 
252 290 21 
253 291 21 
254 292 21 
255 293 21 
255 294 21 
254 295 21 
254 296 21 
254 297 21 
254 298 21 
254 299 21 
253 300 21 
252 301 21 
252 302 21 
252 303 21 
252 304 21 
251 305 21 
251 306 21 
252 307 21 
253 307 21 
253 308 21 
254 309 21 
255 310 21 
256 310 21 
256 311 21 
256 312 21 
256 313 21 
257 314 21 
258 314 21 
259 315 21 
260 316 21 
260 317 21 
260 318 21 
260 319 21 
260 320 21 
260 321 21 
260 322 21 
261 323 21 
262 324 21 
263 324 21 
264 325 21 
265 326 21 
265 327 21 
265 328 21 
265 329 21 
264 330 21 
263 330 21 
262 331 21 
261 332 21 
260 333 21 
260 334 21 
259 335 21 
259 336 21 
259 337 21 
259 338 21 
260 339 21 
261 339 21 
262 340 21 
263 340 21 
263 341 21 
263 342 21 
263 343 21 
264 344 21 
264 345 21 
263 345 21 
262 345 21 
261 345 21 
260 346 21 
260 347 21 
259 348 21 
259 349 21 
259 350 21 
260 351 21 
260 352 21 
260 353 21 
260 354 21 
261 355 21 
262 355 21 
263 356 21 
264 356 21 
263 357 21 
263 358 21 
263 359 21 
263 360 21 
263 361 21 
263 362 21 
264 363 21 
265 364 21 
266 365 21 
267 365 21 
268 365 21 
269 365 21 
V
Segmentation 1
193 278 21 
194 277 21 
195 276 21 
196 275 21 
196 274 21 
196 273 21 
195 272 21 
195 271 21 
196 270 21 
196 269 21 
195 268 21 
194 267 21 
193 266 21 
192 266 21 
191 267 21 
190 267 21 
189 268 21 
188 268 21 
187 268 21 
186 268 21 
185 267 21 
184 266 21 
183 266 21 
182 266 21 
181 266 21 
180 267 21 
179 268 21 
178 269 21 
178 270 21 
178 271 21 
179 272 21 
180 273 21 
180 274 21 
179 275 21 
180 276 21 
180 277 21 
181 278 21 
182 278 21 
183 277 21 
184 277 21 
185 276 21 
186 276 21 
187 275 21 
188 275 21 
189 276 21 
190 277 21 
191 277 21 
192 277 21 
193 278 21 
V
Segmentation 2
183 308 21 
184 307 21 
185 307 21 
186 307 21 
187 307 21 
188 307 21 
189 306 21 
189 305 21 
190 304 21 
190 303 21 
190 302 21 
190 301 21 
190 300 21 
189 299 21 
188 299 21 
187 299 21 
186 298 21 
185 298 21 
184 298 21 
183 298 21 
182 299 21 
181 300 21 
180 301 21 
180 302 21 
180 303 21 
181 304 21 
181 305 21 
182 306 21 
182 307 21 
183 308 21 
V
Segmentation 3
324 371 21 
325 370 21 
326 370 21 
327 370 21 
328 369 21 
329 368 21 
329 367 21 
329 366 21 
329 365 21 
329 364 21 
330 364 21 
331 363 21 
332 363 21 
333 363 21 
334 362 21 
334 361 21 
334 360 21 
334 359 21 
334 358 21 
334 357 21 
334 356 21 
334 355 21 
333 354 21 
332 354 21 
331 354 21 
330 354 21 
329 355 21 
328 355 21 
327 355 21 
326 355 21 
325 355 21 
324 354 21 
323 353 21 
322 353 21 
321 353 21 
320 353 21 
319 354 21 
318 354 21 
317 354 21 
316 353 21 
315 352 21 
314 352 21 
313 353 21 
312 353 21 
311 353 21 
310 354 21 
309 354 21 
308 355 21 
308 356 21 
308 357 21 
309 358 21 
309 359 21 
309 360 21 
309 361 21 
310 362 21 
311 362 21 
312 362 21 
312 363 21 
312 364 21 
312 365 21 
313 366 21 
313 367 21 
313 368 21 
314 369 21 
315 370 21 
316 370 21 
317 370 21 
318 370 21 
319 369 21 
320 369 21 
321 370 21 
322 370 21 
323 371 21 
324 371 21 
V
Segmentation 0
255 277 22 
256 276 22 
257 275 22 
258 275 22 
259 274 22 
259 273 22 
259 272 22 
259 271 22 
260 271 22 
261 270 22 
262 270 22 
263 269 22 
264 268 22 
265 267 22 
266 267 22 
267 268 22 
268 269 22 
269 270 22 
270 269 22 
271 268 22 
271 267 22 
271 266 22 
272 265 22 
272 264 22 
272 263 22 
273 262 22 
272 261 22 
271 261 22 
270 261 22 
269 261 22 
268 260 22 
267 259 22 
266 260 22 
265 260 22 
264 261 22 
263 261 22 
262 260 22 
261 260 22 
260 259 22 
259 259 22 
258 260 22 
257 260 22 
256 260 22 
255 259 22 
254 259 22 
253 259 22 
252 260 22 
251 261 22 
250 262 22 
249 263 22 
249 264 22 
249 265 22 
249 266 22 
249 267 22 
249 268 22 
250 269 22 
251 270 22 
252 271 22 
252 272 22 
251 273 22 
251 274 22 
251 275 22 
252 276 22 
253 276 22 
254 277 22 
255 277 22 
V
Segmentation 0
260 316 24 
261 315 24 
262 315 24 
263 314 24 
263 313 24 
263 312 24 
263 311 24 
263 310 24 
263 309 24 
263 308 24 
263 307 24 
262 306 24 
261 305 24 
260 305 24 
259 305 24 
258 306 24 
257 306 24 
256 306 24 
255 307 24 
254 308 24 
254 309 24 
254 310 24 
254 311 24 
254 312 24 
254 313 24 
255 314 24 
256 315 24 
257 315 24 
258 316 24 
259 316 24 
260 316 24 
V
Segmentation 1
245 334 24 
246 333 24 
247 333 24 
248 332 24 
249 331 24 
250 330 24 
251 329 24 
251 328 24 
250 327 24 
250 326 24 
250 325 24 
249 324 24 
248 325 24 
247 325 24 
246 325 24 
245 325 24 
244 325 24 
243 326 24 
242 327 24 
242 328 24 
241 329 24 
241 330 24 
242 331 24 
243 332 24 
244 333 24 
245 334 24 
V
Segmentation 0
261 317 25 
262 316 25 
263 316 25 
264 315 25 
264 314 25 
264 313 25 
264 312 25 
264 311 25 
264 310 25 
264 309 25 
263 308 25 
262 308 25 
261 307 25 
260 307 25 
259 307 25 
258 308 25 
257 308 25 
256 309 25 
255 310 25 
255 311 25 
255 312 25 
255 313 25 
255 314 25 
256 315 25 
257 316 25 
258 317 25 
259 317 25 
260 317 25 
261 317 25 
V
Segmentation 0
202 261 26 
203 260 26 
204 259 26 
204 258 26 
204 257 26 
204 256 26 
204 255 26 
204 254 26 
204 253 26 
203 252 26 
202 251 26 
201 251 26 
201 250 26 
202 249 26 
202 248 26 
201 247 26 
202 246 26 
202 245 26 
201 244 26 
200 244 26 
199 243 26 
198 242 26 
197 242 26 
196 243 26 
195 243 26 
194 244 26 
193 244 26 
192 245 26 
192 246 26 
192 247 26 
192 248 26 
192 249 26 
191 249 26 
190 250 26 
189 250 26 
188 251 26 
188 252 26 
188 253 26 
188 254 26 
188 255 26 
189 256 26 
190 257 26 
190 258 26 
190 259 26 
191 260 26 
192 261 26 
193 260 26 
194 260 26 
195 260 26 
196 260 26 
197 261 26 
198 261 26 
199 261 26 
200 261 26 
201 261 26 
202 261 26 
V
