Segmentation 0
176 403 12 
177 402 12 
178 402 12 
179 401 12 
180 400 12 
181 399 12 
180 398 12 
179 397 12 
179 396 12 
178 395 12 
177 395 12 
177 394 12 
176 393 12 
175 394 12 
174 394 12 
173 394 12 
172 395 12 
171 396 12 
172 397 12 
172 398 12 
172 399 12 
173 400 12 
173 401 12 
174 402 12 
175 402 12 
176 403 12 
V
Segmentation 1
268 413 12 
269 412 12 
270 412 12 
271 411 12 
271 410 12 
271 409 12 
271 408 12 
270 407 12 
269 406 12 
268 406 12 
267 406 12 
266 405 12 
266 404 12 
266 403 12 
266 402 12 
266 401 12 
266 400 12 
266 399 12 
266 398 12 
267 397 12 
267 396 12 
266 395 12 
265 394 12 
264 394 12 
263 393 12 
262 393 12 
261 394 12 
260 394 12 
259 395 12 
259 396 12 
258 397 12 
258 398 12 
258 399 12 
258 400 12 
258 401 12 
259 402 12 
260 403 12 
261 404 12 
261 405 12 
261 406 12 
261 407 12 
261 408 12 
261 409 12 
262 410 12 
262 411 12 
263 412 12 
264 412 12 
265 413 12 
266 413 12 
267 413 12 
268 413 12 
V
Segmentation 0
167 387 13 
168 386 13 
169 386 13 
170 385 13 
171 384 13 
172 383 13 
172 382 13 
173 381 13 
172 380 13 
172 379 13 
171 378 13 
170 377 13 
169 377 13 
168 376 13 
167 376 13 
166 375 13 
165 375 13 
164 375 13 
163 375 13 
162 376 13 
162 377 13 
161 378 13 
161 379 13 
161 380 13 
162 381 13 
162 382 13 
163 383 13 
163 384 13 
164 385 13 
165 386 13 
166 387 13 
167 387 13 
V
Segmentation 1
185 404 13 
186 403 13 
187 403 13 
188 402 13 
189 402 13 
190 401 13 
191 400 13 
190 399 13 
190 398 13 
189 397 13 
188 397 13 
187 396 13 
186 395 13 
185 394 13 
184 394 13 
183 394 13 
182 394 13 
181 394 13 
180 395 13 
180 396 13 
180 397 13 
180 398 13 
180 399 13 
180 400 13 
181 401 13 
182 402 13 
183 403 13 
184 404 13 
185 404 13 
V
Segmentation 0
164 386 14 
165 385 14 
166 384 14 
167 383 14 
167 382 14 
168 381 14 
168 380 14 
168 379 14 
168 378 14 
168 377 14 
168 376 14 
169 375 14 
168 374 14 
167 373 14 
166 372 14 
165 372 14 
164 371 14 
163 370 14 
162 370 14 
161 371 14 
160 371 14 
159 372 14 
159 373 14 
158 374 14 
158 375 14 
158 376 14 
158 377 14 
158 378 14 
157 379 14 
157 380 14 
157 381 14 
157 382 14 
157 383 14 
158 384 14 
159 385 14 
160 385 14 
161 385 14 
162 386 14 
163 386 14 
164 386 14 
V
Segmentation 1
271 403 14 
272 402 14 
273 402 14 
274 402 14 
275 401 14 
276 400 14 
276 399 14 
276 398 14 
276 397 14 
277 396 14 
278 395 14 
279 394 14 
280 393 14 
281 393 14 
282 393 14 
283 393 14 
284 393 14 
285 392 14 
285 391 14 
285 390 14 
285 389 14 
286 388 14 
286 387 14 
286 386 14 
285 385 14 
284 384 14 
283 383 14 
282 382 14 
281 382 14 
280 383 14 
279 383 14 
278 383 14 
277 384 14 
276 385 14 
276 386 14 
275 386 14 
274 387 14 
273 387 14 
272 388 14 
271 389 14 
270 390 14 
270 391 14 
270 392 14 
269 393 14 
268 393 14 
267 394 14 
266 395 14 
266 396 14 
266 397 14 
265 398 14 
265 399 14 
265 400 14 
265 401 14 
266 402 14 
267 403 14 
268 403 14 
269 403 14 
270 403 14 
271 403 14 
V
Segmentation 0
259 213 15 
260 212 15 
261 211 15 
262 210 15 
262 209 15 
262 208 15 
262 207 15 
262 206 15 
262 205 15 
262 204 15 
262 203 15 
262 202 15 
262 201 15 
262 200 15 
263 199 15 
263 198 15 
262 197 15 
261 196 15 
260 195 15 
259 194 15 
258 193 15 
257 192 15 
257 191 15 
256 190 15 
255 189 15 
254 188 15 
253 188 15 
252 188 15 
251 188 15 
250 188 15 
249 188 15 
248 188 15 
247 188 15 
246 189 15 
246 190 15 
246 191 15 
246 192 15 
246 193 15 
246 194 15 
246 195 15 
247 196 15 
248 196 15 
249 197 15 
250 197 15 
251 198 15 
252 199 15 
252 200 15 
253 201 15 
253 202 15 
254 203 15 
254 204 15 
255 205 15 
255 206 15 
255 207 15 
255 208 15 
256 209 15 
256 210 15 
256 211 15 
257 212 15 
258 213 15 
259 213 15 
V
Segmentation 1
207 342 15 
208 341 15 
209 341 15 
210 341 15 
211 341 15 
212 340 15 
212 339 15 
211 338 15 
211 337 15 
211 336 15 
211 335 15 
212 334 15 
212 333 15 
211 332 15 
210 331 15 
209 331 15 
208 331 15 
207 331 15 
206 331 15 
205 332 15 
204 333 15 
203 334 15 
203 335 15 
203 336 15 
203 337 15 
202 338 15 
202 339 15 
203 340 15 
204 341 15 
205 341 15 
206 342 15 
207 342 15 
V
Segmentation 2
237 347 15 
238 346 15 
239 345 15 
239 344 15 
239 343 15 
240 342 15 
240 341 15 
241 340 15 
242 340 15 
243 339 15 
243 338 15 
243 337 15 
242 336 15 
242 335 15 
241 334 15 
240 333 15 
239 332 15 
238 331 15 
237 331 15 
236 331 15 
235 331 15 
234 331 15 
233 331 15 
232 331 15 
231 331 15 
230 331 15 
229 331 15 
228 331 15 
227 331 15 
226 332 15 
226 333 15 
226 334 15 
226 335 15 
226 336 15 
226 337 15 
226 338 15 
227 339 15 
228 340 15 
229 341 15 
229 342 15 
229 343 15 
229 344 15 
230 345 15 
231 346 15 
232 346 15 
233 346 15 
234 347 15 
235 347 15 
236 347 15 
237 347 15 
V
Segmentation 3
164 388 15 
165 387 15 
165 386 15 
165 385 15 
166 384 15 
166 383 15 
167 382 15 
167 381 15 
168 380 15 
168 379 15 
169 378 15 
170 377 15 
170 376 15 
170 375 15 
169 374 15 
168 373 15 
167 372 15 
166 371 15 
165 370 15 
164 369 15 
163 369 15 
162 370 15 
161 370 15 
160 371 15 
159 371 15 
158 372 15 
158 373 15 
158 374 15 
158 375 15 
157 376 15 
157 377 15 
157 378 15 
157 379 15 
156 380 15 
156 381 15 
156 382 15 
156 383 15 
157 384 15 
158 385 15 
159 385 15 
160 386 15 
161 387 15 
162 388 15 
163 388 15 
164 388 15 
V
Segmentation 4
267 381 15 
268 380 15 
269 380 15 
270 380 15 
271 379 15 
272 378 15 
272 377 15 
272 376 15 
272 375 15 
271 374 15 
271 373 15 
270 372 15 
270 371 15 
269 370 15 
268 371 15 
267 371 15 
266 372 15 
265 372 15 
264 372 15 
263 373 15 
263 374 15 
263 375 15 
263 376 15 
263 377 15 
263 378 15 
264 379 15 
265 379 15 
266 380 15 
267 381 15 
V
Segmentation 5
291 382 15 
292 381 15 
293 380 15 
294 380 15 
295 379 15 
295 378 15 
295 377 15 
295 376 15 
295 375 15 
295 374 15 
295 373 15 
295 372 15 
294 371 15 
293 371 15 
292 370 15 
291 370 15 
290 370 15 
289 370 15 
288 371 15 
287 372 15 
286 373 15 
286 374 15 
286 375 15 
286 376 15 
286 377 15 
286 378 15 
287 379 15 
288 379 15 
289 380 15 
290 381 15 
291 382 15 
V
Segmentation 6
273 405 15 
274 404 15 
275 404 15 
276 404 15 
277 404 15 
278 403 15 
279 402 15 
280 401 15 
281 400 15 
281 399 15 
281 398 15 
282 397 15 
283 396 15 
284 395 15 
285 395 15 
286 394 15 
287 394 15 
288 393 15 
288 392 15 
288 391 15 
288 390 15 
288 389 15 
288 388 15 
287 387 15 
286 387 15 
285 386 15 
284 386 15 
283 385 15 
282 385 15 
282 384 15 
282 383 15 
282 382 15 
282 381 15 
282 380 15 
281 379 15 
280 378 15 
279 378 15 
278 377 15 
277 378 15 
276 378 15 
275 379 15 
274 379 15 
273 380 15 
273 381 15 
273 382 15 
273 383 15 
273 384 15 
273 385 15 
274 386 15 
273 387 15 
272 387 15 
271 388 15 
270 389 15 
271 390 15 
272 391 15 
271 392 15 
271 393 15 
270 394 15 
269 395 15 
270 396 15 
270 397 15 
270 398 15 
270 399 15 
270 400 15 
270 401 15 
270 402 15 
270 403 15 
271 404 15 
272 405 15 
273 405 15 
V
Segmentation 0
263 212 16 
264 211 16 
264 210 16 
264 209 16 
264 208 16 
265 207 16 
265 206 16 
265 205 16 
265 204 16 
266 203 16 
265 202 16 
264 201 16 
263 200 16 
263 199 16 
264 198 16 
264 197 16 
265 196 16 
265 195 16 
266 194 16 
266 193 16 
267 194 16 
268 194 16 
269 195 16 
270 195 16 
271 196 16 
272 196 16 
273 196 16 
274 195 16 
275 194 16 
275 193 16 
276 192 16 
276 191 16 
276 190 16 
277 190 16 
278 189 16 
279 188 16 
280 187 16 
281 186 16 
281 185 16 
280 184 16 
279 183 16 
278 182 16 
277 181 16 
276 180 16 
276 179 16 
276 178 16 
276 177 16 
275 176 16 
274 175 16 
273 174 16 
272 174 16 
271 173 16 
270 172 16 
269 173 16 
268 173 16 
267 174 16 
268 175 16 
268 176 16 
267 177 16 
267 178 16 
266 179 16 
266 180 16 
266 181 16 
265 181 16 
264 181 16 
263 182 16 
263 183 16 
262 184 16 
262 185 16 
262 186 16 
261 187 16 
261 188 16 
260 188 16 
259 187 16 
258 187 16 
257 186 16 
256 185 16 
255 184 16 
255 183 16 
255 182 16 
254 181 16 
253 180 16 
252 179 16 
251 179 16 
250 179 16 
249 180 16 
248 180 16 
247 180 16 
246 181 16 
245 182 16 
245 183 16 
245 184 16 
245 185 16 
246 186 16 
246 187 16 
246 188 16 
247 189 16 
248 189 16 
249 190 16 
250 190 16 
251 191 16 
252 192 16 
253 193 16 
254 194 16 
255 195 16 
255 196 16 
256 197 16 
256 198 16 
257 199 16 
257 200 16 
258 201 16 
258 202 16 
258 203 16 
258 204 16 
258 205 16 
258 206 16 
258 207 16 
258 208 16 
259 209 16 
259 210 16 
260 211 16 
261 212 16 
262 212 16 
263 212 16 
V
Segmentation 1
167 215 16 
168 214 16 
169 214 16 
170 214 16 
171 213 16 
172 212 16 
172 211 16 
171 210 16 
171 209 16 
171 208 16 
171 207 16 
171 206 16 
171 205 16 
171 204 16 
171 203 16 
172 202 16 
172 201 16 
172 200 16 
173 199 16 
173 198 16 
174 197 16 
175 197 16 
176 196 16 
177 196 16 
178 195 16 
179 195 16 
180 194 16 
179 193 16 
179 192 16 
179 191 16 
179 190 16 
179 189 16 
178 188 16 
177 187 16 
176 187 16 
175 187 16 
174 187 16 
173 187 16 
172 188 16 
171 188 16 
170 187 16 
169 187 16 
168 186 16 
167 186 16 
166 186 16 
165 187 16 
164 187 16 
163 188 16 
162 188 16 
161 187 16 
160 187 16 
159 187 16 
158 187 16 
157 188 16 
156 189 16 
155 190 16 
155 191 16 
155 192 16 
155 193 16 
155 194 16 
155 195 16 
156 196 16 
157 197 16 
158 197 16 
159 197 16 
160 198 16 
161 198 16 
161 199 16 
161 200 16 
161 201 16 
161 202 16 
162 203 16 
163 204 16 
163 205 16 
163 206 16 
163 207 16 
163 208 16 
163 209 16 
163 210 16 
163 211 16 
164 212 16 
165 213 16 
165 214 16 
166 215 16 
167 215 16 
V
Segmentation 2
165 386 16 
166 385 16 
167 385 16 
168 385 16 
169 384 16 
170 384 16 
171 383 16 
172 383 16 
173 382 16 
174 381 16 
174 380 16 
175 379 16 
175 378 16 
175 377 16 
175 376 16 
175 375 16 
175 374 16 
175 373 16 
175 372 16 
174 371 16 
173 370 16 
172 369 16 
171 369 16 
170 369 16 
169 369 16 
168 368 16 
167 368 16 
166 368 16 
165 368 16 
164 368 16 
163 368 16 
162 367 16 
161 367 16 
160 366 16 
159 366 16 
158 366 16 
157 366 16 
156 367 16 
156 368 16 
156 369 16 
155 370 16 
155 371 16 
156 372 16 
156 373 16 
156 374 16 
156 375 16 
156 376 16 
157 377 16 
157 378 16 
157 379 16 
158 380 16 
159 381 16 
159 382 16 
160 383 16 
161 384 16 
162 385 16 
163 385 16 
164 386 16 
165 386 16 
V
Segmentation 3
285 384 16 
286 383 16 
287 382 16 
288 381 16 
288 380 16 
288 379 16 
288 378 16 
289 377 16 
289 376 16 
289 375 16 
289 374 16 
289 373 16 
288 372 16 
288 371 16 
287 370 16 
286 369 16 
285 369 16 
284 368 16 
283 368 16 
282 367 16 
281 367 16 
280 367 16 
279 367 16 
278 367 16 
277 367 16 
276 367 16 
275 367 16 
274 367 16 
273 367 16 
272 367 16 
271 367 16 
270 367 16 
269 367 16 
268 367 16 
267 368 16 
266 368 16 
265 369 16 
264 370 16 
264 371 16 
264 372 16 
264 373 16 
265 374 16 
266 375 16 
266 376 16 
267 377 16 
268 378 16 
269 379 16 
270 380 16 
271 380 16 
272 381 16 
273 381 16 
274 381 16 
275 382 16 
276 383 16 
277 384 16 
278 384 16 
279 384 16 
280 384 16 
281 384 16 
282 384 16 
283 384 16 
284 384 16 
285 384 16 
V
Segmentation 4
285 395 16 
286 394 16 
286 393 16 
286 392 16 
286 391 16 
286 390 16 
286 389 16 
287 388 16 
286 387 16 
285 387 16 
284 386 16 
283 386 16 
282 386 16 
281 386 16 
280 386 16 
279 386 16 
278 386 16 
277 386 16 
276 387 16 
276 388 16 
276 389 16 
276 390 16 
276 391 16 
277 392 16 
278 393 16 
279 394 16 
280 394 16 
281 394 16 
282 394 16 
283 394 16 
284 395 16 
285 395 16 
V
Segmentation 0
263 218 17 
264 217 17 
264 216 17 
264 215 17 
265 214 17 
266 213 17 
267 213 17 
268 212 17 
269 212 17 
270 213 17 
271 213 17 
272 213 17 
273 213 17 
274 213 17 
275 212 17 
275 211 17 
275 210 17 
276 209 17 
276 208 17 
276 207 17 
277 206 17 
277 205 17 
277 204 17 
276 203 17 
275 202 17 
274 201 17 
273 200 17 
273 199 17 
273 198 17 
272 197 17 
273 196 17 
274 195 17 
275 194 17 
275 193 17 
275 192 17 
276 191 17 
276 190 17 
275 189 17 
274 188 17 
273 188 17 
272 187 17 
271 187 17 
271 186 17 
270 185 17 
269 186 17 
268 187 17 
267 188 17 
266 188 17 
265 187 17 
264 187 17 
263 187 17 
263 186 17 
263 185 17 
263 184 17 
263 183 17 
263 182 17 
263 181 17 
263 180 17 
262 179 17 
261 178 17 
260 178 17 
259 178 17 
258 179 17 
257 179 17 
256 180 17 
255 180 17 
254 180 17 
253 181 17 
252 180 17 
251 180 17 
250 181 17 
249 181 17 
248 181 17 
247 182 17 
246 182 17 
245 183 17 
245 184 17 
245 185 17 
245 186 17 
245 187 17 
245 188 17 
246 189 17 
246 190 17 
247 191 17 
248 191 17 
249 191 17 
250 191 17 
251 192 17 
252 193 17 
253 194 17 
254 195 17 
255 196 17 
256 197 17 
256 198 17 
257 199 17 
257 200 17 
257 201 17 
257 202 17 
258 203 17 
258 204 17 
258 205 17 
259 206 17 
259 207 17 
259 208 17 
259 209 17 
259 210 17 
259 211 17 
259 212 17 
260 213 17 
260 214 17 
260 215 17 
261 216 17 
261 217 17 
262 218 17 
263 218 17 
V
Segmentation 1
164 229 17 
165 228 17 
165 227 17 
165 226 17 
165 225 17 
166 224 17 
166 223 17 
166 222 17 
166 221 17 
167 220 17 
168 219 17 
168 218 17 
168 217 17 
168 216 17 
168 215 17 
168 214 17 
168 213 17 
168 212 17 
168 211 17 
169 210 17 
169 209 17 
169 208 17 
170 207 17 
170 206 17 
171 207 17 
172 207 17 
173 206 17 
174 205 17 
175 205 17 
176 206 17 
177 206 17 
178 205 17 
178 204 17 
178 203 17 
179 202 17 
179 201 17 
180 201 17 
181 201 17 
182 201 17 
183 201 17 
184 201 17 
185 200 17 
184 199 17 
183 198 17 
182 198 17 
181 198 17 
181 197 17 
181 196 17 
181 195 17 
181 194 17 
181 193 17 
181 192 17 
181 191 17 
180 190 17 
179 189 17 
178 189 17 
177 189 17 
176 188 17 
175 188 17 
174 188 17 
173 188 17 
172 188 17 
171 187 17 
170 187 17 
169 187 17 
168 186 17 
167 187 17 
166 187 17 
165 188 17 
164 187 17 
163 187 17 
162 187 17 
161 187 17 
160 187 17 
159 187 17 
158 188 17 
157 189 17 
157 190 17 
157 191 17 
157 192 17 
157 193 17 
157 194 17 
157 195 17 
157 196 17 
156 196 17 
155 196 17 
154 197 17 
153 197 17 
152 198 17 
152 199 17 
152 200 17 
152 201 17 
152 202 17 
152 203 17 
152 204 17 
153 205 17 
154 206 17 
155 206 17 
156 207 17 
157 207 17 
157 208 17 
157 209 17 
157 210 17 
157 211 17 
158 212 17 
157 213 17 
157 214 17 
156 215 17 
157 216 17 
157 217 17 
157 218 17 
157 219 17 
157 220 17 
157 221 17 
157 222 17 
157 223 17 
157 224 17 
157 225 17 
158 226 17 
158 227 17 
158 228 17 
159 229 17 
160 229 17 
161 229 17 
162 229 17 
163 228 17 
164 229 17 
V
Segmentation 2
278 386 17 
279 385 17 
280 385 17 
281 385 17 
282 384 17 
283 383 17 
284 382 17 
285 381 17 
285 380 17 
286 379 17 
286 378 17 
287 377 17 
287 376 17 
288 375 17 
288 374 17 
288 373 17 
289 372 17 
289 371 17 
289 370 17 
289 369 17 
288 368 17 
288 367 17 
287 366 17 
286 366 17 
285 365 17 
284 365 17 
283 365 17 
282 365 17 
281 365 17 
280 365 17 
279 365 17 
278 365 17 
277 365 17 
276 365 17 
275 365 17 
274 366 17 
273 366 17 
272 367 17 
271 367 17 
270 368 17 
269 369 17 
268 370 17 
267 370 17 
266 371 17 
266 372 17 
265 373 17 
265 374 17 
265 375 17 
265 376 17 
265 377 17 
266 378 17 
266 379 17 
267 380 17 
268 381 17 
269 382 17 
270 382 17 
271 383 17 
272 384 17 
273 384 17 
274 385 17 
275 385 17 
276 385 17 
277 386 17 
278 386 17 
V
Segmentation 0
160 247 18 
161 246 18 
162 246 18 
163 245 18 
164 245 18 
165 245 18 
166 246 18 
167 246 18 
168 246 18 
169 245 18 
170 244 18 
171 243 18 
172 242 18 
171 241 18 
171 240 18 
171 239 18 
170 238 18 
170 237 18 
169 236 18 
169 235 18 
169 234 18 
168 233 18 
168 232 18 
168 231 18 
167 230 18 
167 229 18 
167 228 18 
167 227 18 
167 226 18 
167 225 18 
167 224 18 
167 223 18 
167 222 18 
167 221 18 
167 220 18 
167 219 18 
167 218 18 
167 217 18 
167 216 18 
167 215 18 
167 214 18 
167 213 18 
167 212 18 
168 211 18 
168 210 18 
169 209 18 
169 208 18 
170 207 18 
171 206 18 
172 205 18 
173 204 18 
174 203 18 
175 203 18 
176 202 18 
175 201 18 
175 200 18 
175 199 18 
174 198 18 
174 197 18 
174 196 18 
174 195 18 
174 194 18 
174 193 18 
174 192 18 
173 191 18 
173 190 18 
172 189 18 
171 188 18 
170 188 18 
169 188 18 
168 188 18 
167 188 18 
166 189 18 
165 188 18 
164 188 18 
163 187 18 
162 187 18 
161 186 18 
160 186 18 
159 187 18 
158 187 18 
157 188 18 
157 189 18 
157 190 18 
157 191 18 
157 192 18 
157 193 18 
157 194 18 
156 194 18 
155 194 18 
154 195 18 
153 195 18 
152 195 18 
151 196 18 
151 197 18 
151 198 18 
151 199 18 
151 200 18 
151 201 18 
151 202 18 
150 203 18 
149 204 18 
148 205 18 
148 206 18 
148 207 18 
149 208 18 
149 209 18 
149 210 18 
149 211 18 
150 212 18 
151 213 18 
151 214 18 
151 215 18 
151 216 18 
151 217 18 
152 218 18 
152 219 18 
151 220 18 
150 220 18 
149 221 18 
148 222 18 
148 223 18 
148 224 18 
149 225 18 
149 226 18 
149 227 18 
149 228 18 
150 229 18 
151 229 18 
152 230 18 
152 231 18 
152 232 18 
152 233 18 
152 234 18 
152 235 18 
153 236 18 
154 237 18 
155 237 18 
156 238 18 
155 239 18 
155 240 18 
155 241 18 
155 242 18 
155 243 18 
155 244 18 
156 245 18 
157 246 18 
158 246 18 
159 246 18 
160 247 18 
V
Segmentation 1
264 230 18 
265 229 18 
266 228 18 
267 228 18 
268 227 18 
268 226 18 
268 225 18 
267 224 18 
267 223 18 
267 222 18 
267 221 18 
268 220 18 
269 219 18 
269 218 18 
269 217 18 
269 216 18 
269 215 18 
269 214 18 
269 213 18 
268 212 18 
268 211 18 
268 210 18 
268 209 18 
267 208 18 
268 207 18 
268 206 18 
269 205 18 
270 205 18 
271 204 18 
272 203 18 
272 202 18 
272 201 18 
272 200 18 
272 199 18 
272 198 18 
271 197 18 
270 196 18 
269 196 18 
268 196 18 
267 195 18 
267 194 18 
267 193 18 
267 192 18 
267 191 18 
267 190 18 
267 189 18 
266 188 18 
265 188 18 
264 187 18 
263 188 18 
262 188 18 
261 189 18 
260 189 18 
259 189 18 
258 189 18 
257 188 18 
256 188 18 
255 188 18 
254 188 18 
253 189 18 
252 189 18 
251 189 18 
250 188 18 
249 188 18 
248 188 18 
247 188 18 
246 189 18 
245 189 18 
244 190 18 
244 191 18 
244 192 18 
244 193 18 
244 194 18 
245 195 18 
245 196 18 
246 197 18 
247 198 18 
248 198 18 
249 198 18 
250 198 18 
251 199 18 
252 199 18 
253 200 18 
253 201 18 
254 202 18 
254 203 18 
255 204 18 
256 205 18 
256 206 18 
257 207 18 
257 208 18 
257 209 18 
258 210 18 
258 211 18 
258 212 18 
258 213 18 
259 214 18 
259 215 18 
259 216 18 
259 217 18 
259 218 18 
259 219 18 
259 220 18 
259 221 18 
259 222 18 
259 223 18 
259 224 18 
259 225 18 
259 226 18 
259 227 18 
258 228 18 
259 229 18 
260 229 18 
261 230 18 
262 230 18 
263 230 18 
264 230 18 
V
Segmentation 2
298 238 18 
299 237 18 
300 237 18 
301 236 18 
302 235 18 
302 234 18 
302 233 18 
301 232 18 
300 231 18 
300 230 18 
301 229 18 
302 229 18 
303 229 18 
304 229 18 
305 229 18 
306 228 18 
307 227 18 
306 226 18 
306 225 18 
306 224 18 
306 223 18 
306 222 18 
305 221 18 
304 220 18 
303 220 18 
302 220 18 
301 220 18 
300 221 18 
300 222 18 
299 223 18 
299 224 18 
298 225 18 
298 226 18 
297 227 18 
296 227 18 
295 227 18 
294 228 18 
293 229 18 
293 230 18 
293 231 18 
293 232 18 
293 233 18 
293 234 18 
293 235 18 
294 236 18 
295 236 18 
296 237 18 
297 237 18 
298 238 18 
V
Segmentation 3
122 354 18 
123 353 18 
124 352 18 
124 351 18 
125 350 18 
125 349 18 
126 348 18 
126 347 18 
125 346 18 
124 346 18 
123 345 18 
122 344 18 
122 343 18 
123 342 18 
124 341 18 
124 340 18 
124 339 18 
124 338 18 
125 338 18 
126 337 18 
126 336 18 
126 335 18 
127 334 18 
127 333 18 
127 332 18 
126 331 18 
125 330 18 
124 330 18 
123 329 18 
122 329 18 
121 329 18 
120 329 18 
119 330 18 
118 330 18 
117 329 18 
116 329 18 
115 328 18 
114 329 18 
113 329 18 
112 329 18 
111 329 18 
110 330 18 
110 331 18 
111 332 18 
111 333 18 
111 334 18 
111 335 18 
111 336 18 
111 337 18 
110 338 18 
111 339 18 
112 339 18 
113 340 18 
114 341 18 
114 342 18 
114 343 18 
115 344 18 
115 345 18 
115 346 18 
115 347 18 
116 348 18 
116 349 18 
116 350 18 
117 351 18 
117 352 18 
118 353 18 
119 353 18 
120 353 18 
121 354 18 
122 354 18 
V
Segmentation 4
190 381 18 
191 380 18 
192 380 18 
193 379 18 
194 378 18 
195 378 18 
196 377 18 
197 376 18 
197 375 18 
198 374 18 
198 373 18 
198 372 18 
198 371 18 
198 370 18 
197 369 18 
197 368 18 
197 367 18 
196 366 18 
196 365 18 
195 364 18 
194 363 18 
193 362 18 
192 361 18 
191 360 18 
190 360 18 
189 359 18 
188 359 18 
187 359 18 
186 359 18 
185 359 18 
184 359 18 
183 359 18 
182 359 18 
181 359 18 
180 359 18 
179 359 18 
178 359 18 
177 359 18 
176 359 18 
175 360 18 
174 360 18 
173 361 18 
172 361 18 
171 361 18 
170 361 18 
169 362 18 
168 363 18 
167 364 18 
167 365 18 
167 366 18 
167 367 18 
168 368 18 
168 369 18 
169 370 18 
169 371 18 
170 372 18 
171 373 18 
171 374 18 
171 375 18 
172 376 18 
173 376 18 
174 377 18 
175 378 18 
176 379 18 
177 380 18 
178 380 18 
179 381 18 
180 381 18 
181 381 18 
182 381 18 
183 381 18 
184 381 18 
185 381 18 
186 381 18 
187 381 18 
188 381 18 
189 381 18 
190 381 18 
V
Segmentation 5
268 379 18 
269 378 18 
270 378 18 
271 378 18 
272 378 18 
273 378 18 
274 378 18 
275 377 18 
276 377 18 
277 376 18 
278 375 18 
279 375 18 
280 374 18 
281 373 18 
282 372 18 
283 371 18 
283 370 18 
284 369 18 
284 368 18 
284 367 18 
284 366 18 
284 365 18 
284 364 18 
283 363 18 
283 362 18 
282 361 18 
281 360 18 
280 360 18 
279 360 18 
278 360 18 
277 360 18 
276 360 18 
275 360 18 
274 360 18 
273 361 18 
272 361 18 
271 361 18 
270 361 18 
269 362 18 
268 363 18 
267 364 18 
266 365 18 
265 365 18 
264 365 18 
263 366 18 
263 367 18 
262 368 18 
262 369 18 
261 370 18 
261 371 18 
262 372 18 
262 373 18 
263 374 18 
263 375 18 
264 376 18 
264 377 18 
265 378 18 
266 378 18 
267 378 18 
268 379 18 
V
Segmentation 6
258 388 18 
259 387 18 
260 387 18 
261 386 18 
260 385 18 
260 384 18 
260 383 18 
259 382 18 
259 381 18 
259 380 18 
258 379 18 
257 378 18 
256 378 18 
255 378 18 
255 377 18 
255 376 18 
256 375 18 
256 374 18 
256 373 18 
255 372 18 
254 371 18 
253 371 18 
252 370 18 
251 370 18 
250 370 18 
249 370 18 
248 370 18 
247 371 18 
246 372 18 
245 373 18 
245 374 18 
245 375 18 
245 376 18 
245 377 18 
246 378 18 
247 378 18 
248 379 18 
249 380 18 
250 380 18 
250 381 18 
250 382 18 
251 383 18 
251 384 18 
251 385 18 
252 386 18 
253 386 18 
254 386 18 
255 386 18 
256 387 18 
257 387 18 
258 388 18 
V
Segmentation 0
238 184 19 
239 183 19 
239 182 19 
240 181 19 
241 180 19 
241 179 19 
240 178 19 
240 177 19 
239 176 19 
238 175 19 
237 174 19 
237 173 19 
236 172 19 
235 172 19 
234 172 19 
233 173 19 
232 174 19 
231 175 19 
230 176 19 
230 177 19 
230 178 19 
230 179 19 
231 180 19 
231 181 19 
232 182 19 
233 182 19 
234 183 19 
235 184 19 
236 184 19 
237 184 19 
238 184 19 
V
Segmentation 1
267 307 19 
268 306 19 
269 305 19 
269 304 19 
269 303 19 
269 302 19 
269 301 19 
269 300 19 
269 299 19 
270 298 19 
271 297 19 
271 296 19 
271 295 19 
271 294 19 
271 293 19 
271 292 19 
270 291 19 
269 290 19 
269 289 19 
269 288 19 
269 287 19 
269 286 19 
268 285 19 
269 284 19 
269 283 19 
269 282 19 
269 281 19 
268 280 19 
268 279 19 
268 278 19 
268 277 19 
267 276 19 
267 275 19 
267 274 19 
267 273 19 
267 272 19 
267 271 19 
267 270 19 
266 269 19 
265 268 19 
264 268 19 
264 267 19 
264 266 19 
264 265 19 
264 264 19 
264 263 19 
264 262 19 
264 261 19 
265 260 19 
266 260 19 
267 259 19 
267 258 19 
267 257 19 
267 256 19 
267 255 19 
267 254 19 
267 253 19 
266 252 19 
265 251 19 
264 250 19 
265 249 19 
265 248 19 
265 247 19 
265 246 19 
265 245 19 
265 244 19 
266 243 19 
267 242 19 
267 241 19 
267 240 19 
267 239 19 
267 238 19 
267 237 19 
267 236 19 
266 235 19 
265 235 19 
265 234 19 
265 233 19 
265 232 19 
265 231 19 
265 230 19 
266 229 19 
266 228 19 
267 227 19 
267 226 19 
267 225 19 
267 224 19 
267 223 19 
267 222 19 
267 221 19 
268 220 19 
269 219 19 
270 219 19 
271 218 19 
272 217 19 
271 216 19 
271 215 19 
272 214 19 
272 213 19 
272 212 19 
271 211 19 
270 211 19 
269 211 19 
268 210 19 
267 209 19 
267 208 19 
268 207 19 
268 206 19 
268 205 19 
267 204 19 
266 203 19 
265 202 19 
265 201 19 
265 200 19 
266 199 19 
265 198 19 
264 197 19 
263 197 19 
262 196 19 
261 195 19 
260 195 19 
259 195 19 
258 195 19 
257 196 19 
256 196 19 
255 197 19 
254 197 19 
253 196 19 
252 196 19 
251 196 19 
250 197 19 
249 197 19 
248 197 19 
247 198 19 
247 199 19 
247 200 19 
247 201 19 
246 202 19 
246 203 19 
246 204 19 
246 205 19 
247 206 19 
248 207 19 
249 208 19 
250 208 19 
250 209 19 
251 210 19 
252 211 19 
252 212 19 
253 213 19 
253 214 19 
254 215 19 
255 216 19 
256 217 19 
256 218 19 
256 219 19 
256 220 19 
257 221 19 
257 222 19 
257 223 19 
258 224 19 
258 225 19 
258 226 19 
258 227 19 
258 228 19 
258 229 19 
258 230 19 
258 231 19 
258 232 19 
258 233 19 
258 234 19 
258 235 19 
258 236 19 
258 237 19 
258 238 19 
258 239 19 
258 240 19 
258 241 19 
258 242 19 
257 243 19 
257 244 19 
257 245 19 
257 246 19 
257 247 19 
257 248 19 
257 249 19 
257 250 19 
257 251 19 
257 252 19 
257 253 19 
257 254 19 
257 255 19 
257 256 19 
257 257 19 
257 258 19 
257 259 19 
257 260 19 
256 261 19 
256 262 19 
256 263 19 
256 264 19 
256 265 19 
256 266 19 
257 267 19 
257 268 19 
258 269 19 
258 270 19 
258 271 19 
258 272 19 
258 273 19 
258 274 19 
258 275 19 
258 276 19 
258 277 19 
259 278 19 
259 279 19 
259 280 19 
259 281 19 
259 282 19 
259 283 19 
259 284 19 
259 285 19 
259 286 19 
259 287 19 
259 288 19 
259 289 19 
259 290 19 
259 291 19 
259 292 19 
259 293 19 
260 294 19 
260 295 19 
260 296 19 
261 297 19 
261 298 19 
261 299 19 
261 300 19 
261 301 19 
262 302 19 
262 303 19 
262 304 19 
262 305 19 
263 306 19 
264 307 19 
265 307 19 
266 307 19 
267 307 19 
V
Segmentation 2
164 285 19 
165 284 19 
166 284 19 
167 284 19 
168 284 19 
169 284 19 
170 283 19 
171 282 19 
172 281 19 
172 280 19 
171 279 19 
171 278 19 
171 277 19 
172 276 19 
172 275 19 
172 274 19 
172 273 19 
172 272 19 
172 271 19 
172 270 19 
172 269 19 
172 268 19 
171 267 19 
171 266 19 
171 265 19 
171 264 19 
171 263 19 
171 262 19 
171 261 19 
171 260 19 
171 259 19 
170 258 19 
170 257 19 
170 256 19 
170 255 19 
170 254 19 
169 253 19 
169 252 19 
169 251 19 
169 250 19 
169 249 19 
169 248 19 
169 247 19 
169 246 19 
169 245 19 
168 244 19 
168 243 19 
168 242 19 
168 241 19 
168 240 19 
169 239 19 
169 238 19 
169 237 19 
169 236 19 
169 235 19 
169 234 19 
169 233 19 
169 232 19 
169 231 19 
169 230 19 
169 229 19 
169 228 19 
169 227 19 
169 226 19 
170 225 19 
170 224 19 
170 223 19 
170 222 19 
171 221 19 
171 220 19 
172 219 19 
172 218 19 
173 217 19 
174 216 19 
175 215 19 
176 214 19 
175 213 19 
174 213 19 
173 212 19 
173 211 19 
173 210 19 
174 209 19 
174 208 19 
174 207 19 
174 206 19 
173 205 19 
172 204 19 
171 204 19 
170 203 19 
169 203 19 
168 203 19 
167 203 19 
166 204 19 
165 204 19 
164 204 19 
163 203 19 
162 203 19 
161 202 19 
160 202 19 
159 203 19 
158 203 19 
157 204 19 
156 205 19 
156 206 19 
156 207 19 
156 208 19 
156 209 19 
156 210 19 
156 211 19 
156 212 19 
155 212 19 
154 213 19 
153 213 19 
152 214 19 
152 215 19 
151 216 19 
151 217 19 
151 218 19 
150 219 19 
150 220 19 
149 221 19 
149 222 19 
149 223 19 
148 224 19 
148 225 19 
148 226 19 
147 227 19 
148 228 19 
149 229 19 
150 229 19 
151 230 19 
152 231 19 
152 232 19 
152 233 19 
152 234 19 
153 235 19 
154 236 19 
155 236 19 
156 237 19 
157 237 19 
157 238 19 
157 239 19 
157 240 19 
157 241 19 
157 242 19 
158 243 19 
159 244 19 
160 245 19 
160 246 19 
160 247 19 
160 248 19 
160 249 19 
160 250 19 
159 251 19 
158 251 19 
157 252 19 
156 253 19 
156 254 19 
156 255 19 
156 256 19 
156 257 19 
156 258 19 
157 259 19 
158 260 19 
159 260 19 
160 261 19 
161 261 19 
161 262 19 
161 263 19 
161 264 19 
161 265 19 
160 266 19 
159 267 19 
158 267 19 
157 268 19 
156 269 19 
156 270 19 
156 271 19 
156 272 19 
156 273 19 
156 274 19 
157 275 19 
158 275 19 
159 276 19 
160 276 19 
161 277 19 
161 278 19 
161 279 19 
161 280 19 
161 281 19 
161 282 19 
162 283 19 
163 284 19 
164 285 19 
V
Segmentation 3
274 316 19 
275 315 19 
276 315 19 
277 315 19 
278 315 19 
279 314 19 
280 313 19 
280 312 19 
280 311 19 
280 310 19 
280 309 19 
280 308 19 
279 307 19 
278 306 19 
277 305 19 
276 305 19 
275 305 19 
274 306 19 
273 306 19 
272 307 19 
271 308 19 
271 309 19 
271 310 19 
271 311 19 
271 312 19 
271 313 19 
271 314 19 
272 315 19 
273 316 19 
274 316 19 
V
Segmentation 4
260 385 19 
261 384 19 
261 383 19 
261 382 19 
261 381 19 
261 380 19 
262 380 19 
263 379 19 
264 379 19 
265 378 19 
265 377 19 
265 376 19 
265 375 19 
265 374 19 
265 373 19 
265 372 19 
264 371 19 
263 370 19 
262 370 19 
261 370 19 
260 370 19 
259 371 19 
258 371 19 
257 372 19 
256 372 19 
255 371 19 
254 370 19 
253 370 19 
252 369 19 
252 368 19 
252 367 19 
253 366 19 
253 365 19 
252 364 19 
251 364 19 
250 364 19 
249 364 19 
248 364 19 
247 364 19 
246 364 19 
245 364 19 
244 365 19 
243 366 19 
243 367 19 
243 368 19 
243 369 19 
244 370 19 
245 370 19 
246 370 19 
246 371 19 
247 372 19 
248 373 19 
248 374 19 
248 375 19 
248 376 19 
248 377 19 
249 378 19 
249 379 19 
249 380 19 
250 381 19 
250 382 19 
250 383 19 
250 384 19 
251 385 19 
252 385 19 
253 385 19 
254 385 19 
255 385 19 
256 385 19 
257 385 19 
258 385 19 
259 385 19 
260 385 19 
V
Segmentation 0
261 299 20 
262 298 20 
263 298 20 
264 297 20 
264 296 20 
264 295 20 
265 294 20 
265 293 20 
265 292 20 
265 291 20 
266 291 20 
267 290 20 
268 289 20 
268 288 20 
268 287 20 
268 286 20 
269 285 20 
268 284 20 
267 283 20 
266 282 20 
265 281 20 
265 280 20 
265 279 20 
266 278 20 
266 277 20 
266 276 20 
267 275 20 
268 275 20 
269 274 20 
270 273 20 
270 272 20 
270 271 20 
270 270 20 
270 269 20 
270 268 20 
269 267 20 
268 267 20 
267 266 20 
266 266 20 
265 265 20 
265 264 20 
265 263 20 
265 262 20 
264 261 20 
263 260 20 
263 259 20 
263 258 20 
263 257 20 
263 256 20 
263 255 20 
263 254 20 
263 253 20 
264 253 20 
265 253 20 
266 253 20 
267 253 20 
268 253 20 
269 252 20 
270 251 20 
270 250 20 
270 249 20 
270 248 20 
270 247 20 
270 246 20 
270 245 20 
270 244 20 
269 243 20 
269 242 20 
269 241 20 
269 240 20 
269 239 20 
268 238 20 
268 237 20 
267 236 20 
266 236 20 
265 235 20 
264 235 20 
263 235 20 
262 235 20 
262 234 20 
262 233 20 
262 232 20 
262 231 20 
262 230 20 
262 229 20 
263 229 20 
264 229 20 
265 228 20 
266 228 20 
267 227 20 
267 226 20 
267 225 20 
267 224 20 
267 223 20 
267 222 20 
267 221 20 
266 220 20 
265 219 20 
264 219 20 
265 218 20 
265 217 20 
265 216 20 
264 215 20 
264 214 20 
264 213 20 
263 212 20 
262 211 20 
261 211 20 
260 210 20 
260 209 20 
260 208 20 
260 207 20 
260 206 20 
260 205 20 
259 204 20 
258 204 20 
257 203 20 
256 203 20 
255 203 20 
254 203 20 
253 203 20 
252 203 20 
251 203 20 
250 203 20 
249 203 20 
248 203 20 
247 202 20 
246 203 20 
245 204 20 
244 204 20 
243 205 20 
243 206 20 
243 207 20 
244 208 20 
244 209 20 
244 210 20 
244 211 20 
244 212 20 
245 213 20 
246 214 20 
246 215 20 
247 216 20 
247 217 20 
247 218 20 
248 219 20 
247 220 20 
246 221 20 
245 222 20 
244 223 20 
244 224 20 
245 225 20 
246 226 20 
247 227 20 
248 228 20 
249 229 20 
249 230 20 
249 231 20 
249 232 20 
249 233 20 
249 234 20 
249 235 20 
250 236 20 
251 237 20 
251 238 20 
252 239 20 
252 240 20 
252 241 20 
252 242 20 
252 243 20 
253 244 20 
253 245 20 
254 246 20 
254 247 20 
255 248 20 
255 249 20 
255 250 20 
255 251 20 
255 252 20 
255 253 20 
255 254 20 
255 255 20 
255 256 20 
255 257 20 
254 258 20 
254 259 20 
254 260 20 
254 261 20 
255 262 20 
255 263 20 
255 264 20 
255 265 20 
255 266 20 
255 267 20 
255 268 20 
255 269 20 
255 270 20 
255 271 20 
255 272 20 
255 273 20 
255 274 20 
256 275 20 
256 276 20 
256 277 20 
256 278 20 
256 279 20 
256 280 20 
256 281 20 
257 282 20 
257 283 20 
257 284 20 
257 285 20 
257 286 20 
257 287 20 
257 288 20 
256 289 20 
256 290 20 
256 291 20 
256 292 20 
256 293 20 
256 294 20 
256 295 20 
256 296 20 
257 297 20 
257 298 20 
258 299 20 
259 299 20 
260 299 20 
261 299 20 
V
Segmentation 1
173 318 20 
174 317 20 
174 316 20 
175 315 20 
176 314 20 
176 313 20 
175 312 20 
175 311 20 
176 310 20 
176 309 20 
175 308 20 
175 307 20 
174 306 20 
174 305 20 
174 304 20 
174 303 20 
174 302 20 
174 301 20 
174 300 20 
174 299 20 
175 298 20 
175 297 20 
175 296 20 
175 295 20 
175 294 20 
175 293 20 
175 292 20 
174 291 20 
173 290 20 
172 290 20 
171 291 20 
170 291 20 
169 291 20 
168 291 20 
167 291 20 
166 290 20 
166 289 20 
166 288 20 
166 287 20 
166 286 20 
166 285 20 
166 284 20 
167 284 20 
168 284 20 
169 284 20 
170 284 20 
171 284 20 
172 284 20 
173 284 20 
174 283 20 
174 282 20 
174 281 20 
174 280 20 
174 279 20 
174 278 20 
173 277 20 
173 276 20 
173 275 20 
173 274 20 
173 273 20 
173 272 20 
173 271 20 
173 270 20 
173 269 20 
174 268 20 
174 267 20 
174 266 20 
174 265 20 
174 264 20 
174 263 20 
174 262 20 
174 261 20 
173 260 20 
173 259 20 
173 258 20 
173 257 20 
173 256 20 
173 255 20 
173 254 20 
173 253 20 
172 252 20 
171 251 20 
170 250 20 
170 249 20 
170 248 20 
170 247 20 
170 246 20 
170 245 20 
171 244 20 
172 244 20 
173 243 20 
174 242 20 
175 241 20 
175 240 20 
176 239 20 
175 238 20 
175 237 20 
175 236 20 
175 235 20 
176 234 20 
177 233 20 
177 232 20 
178 231 20 
177 230 20 
176 229 20 
175 228 20 
174 227 20 
173 227 20 
173 226 20 
173 225 20 
174 224 20 
174 223 20 
174 222 20 
173 221 20 
172 220 20 
171 220 20 
170 219 20 
169 219 20 
168 218 20 
167 219 20 
166 219 20 
165 220 20 
164 221 20 
164 222 20 
164 223 20 
164 224 20 
164 225 20 
164 226 20 
164 227 20 
163 227 20 
162 228 20 
161 228 20 
160 228 20 
159 227 20 
158 227 20 
157 226 20 
157 225 20 
158 224 20 
158 223 20 
158 222 20 
158 221 20 
157 220 20 
156 220 20 
155 220 20 
154 219 20 
153 219 20 
152 219 20 
151 218 20 
151 217 20 
151 216 20 
151 215 20 
150 214 20 
149 213 20 
148 213 20 
147 213 20 
146 213 20 
145 213 20 
144 213 20 
143 214 20 
143 215 20 
143 216 20 
143 217 20 
143 218 20 
143 219 20 
142 220 20 
142 221 20 
141 222 20 
142 223 20 
142 224 20 
141 225 20 
141 226 20 
140 227 20 
140 228 20 
141 229 20 
141 230 20 
141 231 20 
142 232 20 
143 233 20 
144 234 20 
144 235 20 
145 236 20 
146 237 20 
147 238 20 
148 238 20 
148 239 20 
148 240 20 
148 241 20 
149 242 20 
149 243 20 
150 244 20 
151 245 20 
152 245 20 
152 246 20 
152 247 20 
152 248 20 
152 249 20 
152 250 20 
152 251 20 
153 252 20 
154 252 20 
155 253 20 
156 253 20 
156 254 20 
156 255 20 
156 256 20 
156 257 20 
156 258 20 
155 259 20 
154 260 20 
153 260 20 
152 261 20 
152 262 20 
152 263 20 
152 264 20 
152 265 20 
152 266 20 
153 267 20 
154 268 20 
155 268 20 
156 269 20 
157 269 20 
157 270 20 
157 271 20 
157 272 20 
157 273 20 
157 274 20 
157 275 20 
158 276 20 
158 277 20 
158 278 20 
158 279 20 
158 280 20 
158 281 20 
158 282 20 
158 283 20 
157 284 20 
157 285 20 
157 286 20 
157 287 20 
157 288 20 
157 289 20 
157 290 20 
158 291 20 
159 292 20 
159 293 20 
159 294 20 
159 295 20 
159 296 20 
159 297 20 
159 298 20 
160 299 20 
161 299 20 
162 299 20 
163 300 20 
164 300 20 
165 300 20 
165 301 20 
165 302 20 
165 303 20 
165 304 20 
165 305 20 
165 306 20 
166 307 20 
167 307 20 
168 308 20 
168 309 20 
168 310 20 
168 311 20 
168 312 20 
167 313 20 
167 314 20 
167 315 20 
168 316 20 
169 316 20 
170 316 20 
171 316 20 
172 317 20 
173 318 20 
V
Segmentation 2
141 254 20 
142 253 20 
143 253 20 
144 252 20 
145 251 20 
145 250 20 
146 249 20 
146 248 20 
145 247 20 
145 246 20 
144 245 20 
143 245 20 
142 245 20 
141 245 20 
140 245 20 
139 246 20 
138 247 20 
138 248 20 
138 249 20 
138 250 20 
138 251 20 
139 252 20 
140 253 20 
141 254 20 
V
Segmentation 3
260 348 20 
261 347 20 
262 346 20 
263 346 20 
264 345 20 
264 344 20 
264 343 20 
264 342 20 
264 341 20 
264 340 20 
263 339 20 
262 339 20 
261 338 20 
260 338 20 
259 339 20 
258 339 20 
257 340 20 
256 340 20 
255 341 20 
255 342 20 
254 343 20 
253 344 20 
253 345 20 
253 346 20 
254 347 20 
255 348 20 
256 348 20 
257 348 20 
258 348 20 
259 348 20 
260 348 20 
V
Segmentation 4
250 366 20 
251 365 20 
252 364 20 
253 364 20 
254 363 20 
255 363 20 
256 362 20 
256 361 20 
256 360 20 
256 359 20 
256 358 20 
256 357 20 
255 356 20 
254 355 20 
253 354 20 
252 354 20 
251 354 20 
250 354 20 
249 354 20 
248 355 20 
247 354 20 
246 353 20 
245 353 20 
244 354 20 
243 354 20 
242 355 20 
241 355 20 
240 356 20 
239 357 20 
240 358 20 
240 359 20 
241 360 20 
241 361 20 
242 362 20 
243 363 20 
244 363 20 
245 364 20 
246 364 20 
247 364 20 
248 364 20 
249 365 20 
250 366 20 
V
Segmentation 0
254 332 21 
255 331 21 
256 331 21 
257 330 21 
257 329 21 
257 328 21 
257 327 21 
257 326 21 
257 325 21 
257 324 21 
258 323 21 
259 323 21 
260 322 21 
261 323 21 
262 323 21 
263 324 21 
264 324 21 
265 325 21 
266 324 21 
267 323 21 
268 322 21 
268 321 21 
268 320 21 
268 319 21 
268 318 21 
268 317 21 
268 316 21 
267 315 21 
266 314 21 
265 314 21 
265 313 21 
265 312 21 
265 311 21 
265 310 21 
265 309 21 
265 308 21 
266 307 21 
267 306 21 
268 305 21 
268 304 21 
267 303 21 
267 302 21 
267 301 21 
267 300 21 
266 299 21 
266 298 21 
266 297 21 
266 296 21 
266 295 21 
265 294 21 
265 293 21 
266 292 21 
267 292 21 
268 291 21 
268 290 21 
268 289 21 
268 288 21 
267 287 21 
268 286 21 
268 285 21 
268 284 21 
269 284 21 
270 283 21 
271 282 21 
272 281 21 
272 280 21 
272 279 21 
272 278 21 
271 277 21 
270 276 21 
270 275 21 
269 274 21 
268 273 21 
269 272 21 
270 271 21 
270 270 21 
270 269 21 
269 268 21 
268 268 21 
267 267 21 
266 267 21 
265 266 21 
265 265 21 
266 264 21 
266 263 21 
266 262 21 
265 261 21 
264 260 21 
263 259 21 
262 259 21 
261 258 21 
261 257 21 
261 256 21 
260 255 21 
260 254 21 
261 253 21 
262 252 21 
263 251 21 
263 250 21 
262 249 21 
261 248 21 
261 247 21 
262 246 21 
262 245 21 
262 244 21 
261 243 21 
260 243 21 
259 244 21 
258 244 21 
257 244 21 
256 244 21 
255 244 21 
254 243 21 
253 243 21 
252 242 21 
251 242 21 
250 243 21 
249 243 21 
248 244 21 
248 245 21 
248 246 21 
247 247 21 
247 248 21 
246 249 21 
246 250 21 
246 251 21 
245 251 21 
244 252 21 
245 253 21 
245 254 21 
245 255 21 
244 256 21 
244 257 21 
244 258 21 
245 259 21 
246 260 21 
247 260 21 
248 261 21 
248 262 21 
248 263 21 
248 264 21 
248 265 21 
249 266 21 
248 267 21 
247 268 21 
246 268 21 
245 269 21 
245 270 21 
245 271 21 
245 272 21 
246 273 21 
246 274 21 
245 275 21 
245 276 21 
245 277 21 
246 278 21 
247 279 21 
247 280 21 
247 281 21 
246 282 21 
245 283 21 
245 284 21 
245 285 21 
244 286 21 
244 287 21 
244 288 21 
244 289 21 
245 290 21 
246 290 21 
247 291 21 
248 292 21 
249 292 21 
248 293 21 
248 294 21 
249 295 21 
249 296 21 
248 297 21 
247 298 21 
246 298 21 
245 299 21 
244 300 21 
244 301 21 
244 302 21 
244 303 21 
245 304 21 
245 305 21 
245 306 21 
245 307 21 
244 307 21 
243 308 21 
242 308 21 
241 309 21 
240 310 21 
240 311 21 
239 312 21 
239 313 21 
238 314 21 
237 315 21 
236 316 21 
236 317 21 
236 318 21 
236 319 21 
236 320 21 
236 321 21 
237 322 21 
238 322 21 
239 323 21 
240 323 21 
241 324 21 
241 325 21 
242 326 21 
242 327 21 
242 328 21 
242 329 21 
243 330 21 
244 331 21 
245 332 21 
246 331 21 
247 330 21 
247 329 21 
248 329 21 
249 330 21 
250 330 21 
251 330 21 
252 331 21 
253 331 21 
254 332 21 
V
Segmentation 1
166 317 21 
167 316 21 
168 316 21 
169 316 21 
170 315 21 
170 314 21 
171 313 21 
171 312 21 
171 311 21 
171 310 21 
171 309 21 
172 309 21 
173 308 21 
174 308 21 
175 307 21 
175 306 21 
175 305 21 
175 304 21 
175 303 21 
175 302 21 
175 301 21 
176 300 21 
177 299 21 
178 298 21 
178 297 21 
178 296 21 
178 295 21 
177 294 21 
177 293 21 
177 292 21 
177 291 21 
176 290 21 
175 289 21 
175 288 21 
176 287 21 
176 286 21 
176 285 21 
176 284 21 
175 283 21 
174 283 21 
173 283 21 
172 282 21 
171 282 21 
170 282 21 
170 281 21 
170 280 21 
169 279 21 
170 278 21 
170 277 21 
169 276 21 
168 275 21 
167 274 21 
166 273 21 
166 272 21 
166 271 21 
166 270 21 
166 269 21 
166 268 21 
167 267 21 
168 267 21 
169 266 21 
169 265 21 
169 264 21 
169 263 21 
169 262 21 
169 261 21 
169 260 21 
168 259 21 
167 258 21 
166 258 21 
165 258 21 
164 259 21 
163 260 21 
162 261 21 
161 261 21 
160 262 21 
160 263 21 
160 264 21 
160 265 21 
160 266 21 
160 267 21 
159 268 21 
158 269 21 
157 270 21 
157 271 21 
157 272 21 
157 273 21 
157 274 21 
157 275 21 
158 276 21 
159 277 21 
160 278 21 
161 279 21 
161 280 21 
162 281 21 
163 282 21 
164 283 21 
165 284 21 
166 285 21 
166 286 21 
166 287 21 
165 288 21 
165 289 21 
164 290 21 
163 291 21 
162 291 21 
161 292 21 
161 293 21 
162 294 21 
162 295 21 
162 296 21 
163 297 21 
163 298 21 
163 299 21 
162 299 21 
161 300 21 
160 300 21 
159 301 21 
159 302 21 
159 303 21 
158 304 21 
158 305 21 
158 306 21 
159 307 21 
160 308 21 
161 309 21 
161 310 21 
161 311 21 
161 312 21 
161 313 21 
162 314 21 
162 315 21 
163 316 21 
164 317 21 
165 317 21 
166 317 21 
V
Segmentation 0
178 211 22 
179 210 22 
180 209 22 
181 208 22 
182 207 22 
182 206 22 
183 205 22 
184 204 22 
184 203 22 
184 202 22 
184 201 22 
184 200 22 
184 199 22 
184 198 22 
184 197 22 
184 196 22 
183 195 22 
182 195 22 
181 195 22 
180 196 22 
179 196 22 
178 197 22 
177 197 22 
176 198 22 
175 197 22 
174 196 22 
173 195 22 
172 195 22 
171 195 22 
170 195 22 
169 196 22 
168 196 22 
167 197 22 
167 198 22 
167 199 22 
167 200 22 
167 201 22 
167 202 22 
167 203 22 
168 204 22 
169 204 22 
170 204 22 
170 205 22 
171 206 22 
172 207 22 
173 208 22 
173 209 22 
174 210 22 
175 211 22 
176 211 22 
177 211 22 
178 211 22 
V
Segmentation 1
161 227 22 
162 226 22 
163 226 22 
164 226 22 
165 225 22 
166 224 22 
167 223 22 
167 222 22 
167 221 22 
167 220 22 
167 219 22 
167 218 22 
168 217 22 
168 216 22 
168 215 22 
168 214 22 
168 213 22 
167 212 22 
166 211 22 
165 210 22 
164 210 22 
163 211 22 
162 211 22 
161 212 22 
160 212 22 
159 212 22 
158 213 22 
158 214 22 
157 215 22 
158 216 22 
158 217 22 
158 218 22 
157 219 22 
157 220 22 
156 221 22 
155 222 22 
154 223 22 
154 224 22 
155 225 22 
156 225 22 
157 226 22 
158 226 22 
159 227 22 
160 227 22 
161 227 22 
V
Segmentation 2
264 257 22 
265 256 22 
266 255 22 
266 254 22 
267 254 22 
268 255 22 
269 256 22 
270 256 22 
271 256 22 
272 255 22 
273 254 22 
274 254 22 
275 253 22 
276 253 22 
277 252 22 
278 252 22 
279 251 22 
279 250 22 
279 249 22 
279 248 22 
279 247 22 
279 246 22 
279 245 22 
278 244 22 
277 244 22 
276 243 22 
275 243 22 
274 243 22 
273 244 22 
272 244 22 
271 244 22 
270 244 22 
269 244 22 
268 243 22 
267 242 22 
266 242 22 
265 242 22 
264 242 22 
263 242 22 
262 242 22 
261 242 22 
260 242 22 
259 243 22 
259 244 22 
260 245 22 
260 246 22 
261 247 22 
261 248 22 
261 249 22 
261 250 22 
262 251 22 
262 252 22 
262 253 22 
262 254 22 
262 255 22 
263 256 22 
264 257 22 
V
Segmentation 3
158 254 22 
159 253 22 
160 253 22 
161 253 22 
162 252 22 
162 251 22 
162 250 22 
162 249 22 
162 248 22 
161 247 22 
161 246 22 
160 245 22 
159 245 22 
158 245 22 
157 245 22 
156 245 22 
155 245 22 
154 246 22 
153 247 22 
152 248 22 
152 249 22 
152 250 22 
153 251 22 
154 252 22 
154 253 22 
155 254 22 
156 254 22 
157 254 22 
158 254 22 
V
Segmentation 4
253 323 22 
254 322 22 
255 321 22 
255 320 22 
255 319 22 
254 318 22 
253 317 22 
252 316 22 
253 315 22 
254 315 22 
255 314 22 
256 314 22 
257 313 22 
257 312 22 
258 311 22 
258 310 22 
259 309 22 
259 308 22 
260 307 22 
261 306 22 
261 305 22 
260 304 22 
259 303 22 
259 302 22 
259 301 22 
258 300 22 
257 300 22 
256 299 22 
255 298 22 
254 299 22 
253 299 22 
252 298 22 
251 297 22 
250 297 22 
249 296 22 
248 296 22 
247 297 22 
246 298 22 
245 299 22 
245 300 22 
244 300 22 
243 299 22 
242 299 22 
241 299 22 
240 298 22 
239 298 22 
238 299 22 
237 299 22 
236 300 22 
236 301 22 
236 302 22 
236 303 22 
236 304 22 
236 305 22 
235 306 22 
236 307 22 
237 308 22 
238 308 22 
238 309 22 
239 310 22 
240 309 22 
241 309 22 
242 308 22 
243 307 22 
244 307 22 
245 306 22 
246 306 22 
247 307 22 
248 307 22 
249 307 22 
249 308 22 
249 309 22 
248 310 22 
248 311 22 
249 312 22 
249 313 22 
248 314 22 
247 314 22 
246 315 22 
245 316 22 
245 317 22 
245 318 22 
244 319 22 
244 320 22 
244 321 22 
245 322 22 
246 323 22 
247 323 22 
248 323 22 
249 323 22 
250 323 22 
251 323 22 
252 323 22 
253 323 22 
V
Segmentation 0
224 214 23 
225 213 23 
226 213 23 
227 212 23 
228 211 23 
229 210 23 
229 209 23 
229 208 23 
228 207 23 
228 206 23 
228 205 23 
227 204 23 
226 203 23 
226 202 23 
226 201 23 
225 200 23 
225 199 23 
224 198 23 
223 197 23 
222 196 23 
221 195 23 
220 195 23 
219 196 23 
218 197 23 
217 197 23 
216 198 23 
215 199 23 
215 200 23 
215 201 23 
216 202 23 
216 203 23 
217 204 23 
218 204 23 
219 205 23 
219 206 23 
219 207 23 
219 208 23 
219 209 23 
219 210 23 
219 211 23 
220 212 23 
221 212 23 
222 213 23 
223 213 23 
224 214 23 
V
Segmentation 1
244 238 23 
245 237 23 
246 236 23 
247 235 23 
247 234 23 
247 233 23 
247 232 23 
247 231 23 
246 230 23 
245 229 23 
244 228 23 
243 228 23 
242 228 23 
241 228 23 
240 229 23 
239 229 23 
238 230 23 
237 231 23 
237 232 23 
237 233 23 
237 234 23 
237 235 23 
236 236 23 
237 237 23 
238 237 23 
239 237 23 
240 237 23 
241 238 23 
242 238 23 
243 238 23 
244 238 23 
V
Segmentation 0
185 277 24 
186 276 24 
187 276 24 
188 275 24 
188 274 24 
188 273 24 
188 272 24 
188 271 24 
188 270 24 
188 269 24 
187 268 24 
186 268 24 
185 268 24 
184 268 24 
183 269 24 
182 269 24 
181 270 24 
181 271 24 
180 272 24 
180 273 24 
180 274 24 
180 275 24 
181 276 24 
182 276 24 
183 277 24 
184 277 24 
185 277 24 
V
