Segmentation 0
250 418 11 
251 417 11 
252 417 11 
253 416 11 
253 415 11 
253 414 11 
254 413 11 
254 412 11 
254 411 11 
255 410 11 
255 409 11 
256 408 11 
257 407 11 
257 406 11 
258 405 11 
258 404 11 
258 403 11 
258 402 11 
259 402 11 
260 401 11 
260 400 11 
260 399 11 
260 398 11 
260 397 11 
260 396 11 
259 395 11 
258 394 11 
257 394 11 
256 393 11 
255 393 11 
254 393 11 
253 393 11 
252 394 11 
251 394 11 
250 394 11 
249 394 11 
248 393 11 
247 393 11 
246 394 11 
245 394 11 
244 395 11 
243 396 11 
243 397 11 
243 398 11 
243 399 11 
243 400 11 
243 401 11 
243 402 11 
244 403 11 
245 404 11 
246 405 11 
246 406 11 
246 407 11 
246 408 11 
245 409 11 
245 410 11 
245 411 11 
245 412 11 
244 413 11 
244 414 11 
244 415 11 
245 416 11 
245 417 11 
246 418 11 
247 418 11 
248 418 11 
249 418 11 
250 418 11 
V
Segmentation 0
259 396 12 
260 395 12 
261 394 12 
262 394 12 
263 394 12 
264 393 12 
264 392 12 
265 391 12 
265 390 12 
265 389 12 
265 388 12 
266 387 12 
267 386 12 
267 385 12 
267 384 12 
267 383 12 
267 382 12 
267 381 12 
267 380 12 
266 379 12 
265 379 12 
264 378 12 
263 378 12 
262 377 12 
261 376 12 
260 375 12 
260 374 12 
259 373 12 
259 372 12 
258 371 12 
257 371 12 
256 372 12 
255 372 12 
254 373 12 
254 374 12 
253 375 12 
253 376 12 
253 377 12 
253 378 12 
252 379 12 
253 380 12 
254 380 12 
255 381 12 
256 381 12 
257 382 12 
258 382 12 
258 383 12 
258 384 12 
258 385 12 
258 386 12 
257 387 12 
256 388 12 
255 389 12 
255 390 12 
254 391 12 
254 392 12 
255 393 12 
256 393 12 
257 394 12 
258 395 12 
259 396 12 
V
Segmentation 1
250 418 12 
251 417 12 
252 417 12 
253 416 12 
254 415 12 
254 414 12 
255 413 12 
256 412 12 
257 411 12 
258 410 12 
259 409 12 
260 408 12 
260 407 12 
261 406 12 
261 405 12 
261 404 12 
261 403 12 
260 402 12 
259 401 12 
258 401 12 
257 401 12 
256 401 12 
255 401 12 
254 401 12 
254 400 12 
253 399 12 
252 398 12 
251 398 12 
250 398 12 
250 397 12 
249 396 12 
248 396 12 
247 396 12 
246 396 12 
245 395 12 
244 395 12 
243 394 12 
242 394 12 
241 393 12 
240 393 12 
239 392 12 
238 392 12 
237 393 12 
236 394 12 
235 394 12 
234 395 12 
234 396 12 
235 397 12 
235 398 12 
235 399 12 
236 400 12 
236 401 12 
237 402 12 
238 403 12 
238 404 12 
238 405 12 
238 406 12 
238 407 12 
238 408 12 
238 409 12 
237 410 12 
238 411 12 
239 411 12 
240 411 12 
241 412 12 
242 412 12 
242 413 12 
243 414 12 
243 415 12 
243 416 12 
244 417 12 
245 417 12 
246 417 12 
247 418 12 
248 418 12 
249 418 12 
250 418 12 
V
Segmentation 0
264 402 14 
265 401 14 
265 400 14 
265 399 14 
265 398 14 
266 397 14 
266 396 14 
267 395 14 
268 394 14 
268 395 14 
269 396 14 
270 396 14 
271 396 14 
272 396 14 
273 396 14 
274 395 14 
275 395 14 
276 395 14 
277 395 14 
278 395 14 
279 394 14 
280 393 14 
280 392 14 
280 391 14 
280 390 14 
280 389 14 
279 388 14 
278 387 14 
277 386 14 
276 385 14 
275 385 14 
274 385 14 
273 385 14 
272 386 14 
271 386 14 
270 386 14 
269 387 14 
269 388 14 
268 389 14 
268 390 14 
267 391 14 
267 392 14 
268 393 14 
268 394 14 
267 393 14 
266 392 14 
265 392 14 
264 392 14 
263 392 14 
262 392 14 
261 391 14 
260 392 14 
259 393 14 
258 394 14 
258 395 14 
258 396 14 
258 397 14 
258 398 14 
258 399 14 
258 400 14 
259 401 14 
260 401 14 
261 401 14 
262 402 14 
263 402 14 
264 402 14 
V
Segmentation 0
266 226 16 
267 225 16 
267 224 16 
268 223 16 
269 223 16 
270 223 16 
271 223 16 
272 222 16 
273 221 16 
273 220 16 
273 219 16 
273 218 16 
273 217 16 
272 216 16 
271 216 16 
272 215 16 
272 214 16 
273 213 16 
273 212 16 
273 211 16 
272 210 16 
271 210 16 
270 209 16 
269 209 16 
268 209 16 
267 208 16 
266 208 16 
266 207 16 
266 206 16 
265 205 16 
264 204 16 
264 203 16 
264 202 16 
264 201 16 
264 200 16 
264 199 16 
264 198 16 
264 197 16 
263 196 16 
262 195 16 
261 195 16 
260 194 16 
259 195 16 
258 195 16 
257 195 16 
256 196 16 
255 197 16 
255 198 16 
255 199 16 
255 200 16 
255 201 16 
255 202 16 
255 203 16 
254 204 16 
254 205 16 
253 206 16 
252 207 16 
251 208 16 
251 209 16 
251 210 16 
251 211 16 
250 211 16 
249 212 16 
248 212 16 
247 213 16 
246 214 16 
245 215 16 
245 216 16 
245 217 16 
245 218 16 
246 219 16 
247 220 16 
248 220 16 
249 220 16 
250 220 16 
251 221 16 
252 221 16 
253 221 16 
254 221 16 
255 221 16 
256 220 16 
257 220 16 
258 220 16 
259 221 16 
260 222 16 
261 222 16 
262 222 16 
262 223 16 
263 224 16 
264 225 16 
265 226 16 
266 226 16 
V
Segmentation 1
196 219 16 
197 218 16 
198 218 16 
199 217 16 
199 216 16 
200 215 16 
200 214 16 
200 213 16 
200 212 16 
200 211 16 
200 210 16 
199 209 16 
199 208 16 
199 207 16 
198 206 16 
197 205 16 
196 205 16 
195 206 16 
194 207 16 
194 208 16 
193 209 16 
193 210 16 
192 210 16 
191 211 16 
190 211 16 
189 212 16 
188 213 16 
189 214 16 
189 215 16 
189 216 16 
190 217 16 
191 217 16 
192 218 16 
193 219 16 
194 219 16 
195 219 16 
196 219 16 
V
Segmentation 2
271 391 16 
272 390 16 
272 389 16 
272 388 16 
272 387 16 
272 386 16 
271 385 16 
270 384 16 
270 383 16 
269 382 16 
268 381 16 
267 381 16 
266 381 16 
265 380 16 
264 380 16 
263 381 16 
263 382 16 
263 383 16 
263 384 16 
262 385 16 
262 386 16 
262 387 16 
263 388 16 
264 389 16 
265 390 16 
266 390 16 
267 391 16 
268 391 16 
269 391 16 
270 391 16 
271 391 16 
V
Segmentation 3
293 411 16 
294 410 16 
294 409 16 
294 408 16 
295 407 16 
295 406 16 
295 405 16 
295 404 16 
295 403 16 
294 402 16 
293 401 16 
292 401 16 
291 401 16 
290 400 16 
289 400 16 
288 401 16 
287 402 16 
286 403 16 
286 404 16 
286 405 16 
286 406 16 
286 407 16 
286 408 16 
287 409 16 
288 410 16 
289 410 16 
290 410 16 
291 410 16 
292 411 16 
293 411 16 
V
Segmentation 0
264 177 17 
265 176 17 
266 175 17 
267 174 17 
268 173 17 
269 173 17 
270 173 17 
271 172 17 
272 171 17 
272 170 17 
272 169 17 
273 168 17 
273 167 17 
273 166 17 
272 165 17 
271 165 17 
270 164 17 
269 164 17 
268 163 17 
267 162 17 
266 163 17 
265 164 17 
264 165 17 
264 166 17 
263 167 17 
262 167 17 
261 166 17 
260 166 17 
259 167 17 
258 168 17 
258 169 17 
258 170 17 
257 171 17 
257 172 17 
257 173 17 
258 174 17 
259 175 17 
260 176 17 
261 177 17 
262 177 17 
263 177 17 
264 177 17 
V
Segmentation 1
284 205 17 
285 204 17 
286 203 17 
287 202 17 
287 201 17 
288 202 17 
289 202 17 
290 202 17 
291 202 17 
292 201 17 
293 200 17 
293 199 17 
294 198 17 
295 197 17 
294 196 17 
293 195 17 
292 194 17 
291 193 17 
291 192 17 
291 191 17 
291 190 17 
292 189 17 
291 188 17 
290 187 17 
289 187 17 
288 186 17 
287 185 17 
286 186 17 
285 186 17 
284 187 17 
283 188 17 
282 189 17 
282 190 17 
282 191 17 
283 192 17 
283 193 17 
283 194 17 
282 194 17 
281 195 17 
280 195 17 
279 196 17 
278 197 17 
278 198 17 
278 199 17 
278 200 17 
278 201 17 
277 202 17 
277 203 17 
277 204 17 
278 205 17 
279 205 17 
280 205 17 
281 205 17 
282 205 17 
283 205 17 
284 205 17 
V
Segmentation 2
267 222 17 
268 221 17 
269 221 17 
270 220 17 
270 219 17 
270 218 17 
270 217 17 
270 216 17 
270 215 17 
270 214 17 
270 213 17 
271 213 17 
272 213 17 
273 213 17 
274 212 17 
275 212 17 
276 212 17 
277 211 17 
277 210 17 
277 209 17 
277 208 17 
277 207 17 
277 206 17 
277 205 17 
276 204 17 
275 204 17 
274 203 17 
273 203 17 
272 203 17 
272 202 17 
272 201 17 
272 200 17 
272 199 17 
272 198 17 
272 197 17 
271 196 17 
270 195 17 
269 195 17 
268 194 17 
267 194 17 
266 195 17 
265 195 17 
264 196 17 
263 196 17 
262 195 17 
261 195 17 
260 194 17 
259 194 17 
258 194 17 
257 195 17 
256 196 17 
255 197 17 
255 198 17 
255 199 17 
255 200 17 
255 201 17 
255 202 17 
254 203 17 
253 203 17 
252 204 17 
252 205 17 
252 206 17 
252 207 17 
252 208 17 
252 209 17 
253 210 17 
254 210 17 
255 209 17 
256 209 17 
257 209 17 
258 210 17 
259 210 17 
260 211 17 
261 211 17 
261 212 17 
262 213 17 
262 214 17 
262 215 17 
262 216 17 
262 217 17 
262 218 17 
262 219 17 
262 220 17 
262 221 17 
263 222 17 
264 222 17 
265 222 17 
266 222 17 
267 222 17 
V
Segmentation 3
191 216 17 
192 215 17 
192 214 17 
193 213 17 
193 212 17 
194 211 17 
195 211 17 
196 210 17 
196 209 17 
197 209 17 
198 210 17 
199 210 17 
200 211 17 
201 212 17 
202 213 17 
203 212 17 
203 211 17 
203 210 17 
204 209 17 
204 208 17 
204 207 17 
204 206 17 
205 205 17 
204 204 17 
203 203 17 
202 203 17 
201 202 17 
200 202 17 
200 201 17 
200 200 17 
200 199 17 
200 198 17 
199 197 17 
198 196 17 
197 195 17 
196 195 17 
195 195 17 
194 196 17 
193 196 17 
192 196 17 
191 197 17 
191 198 17 
191 199 17 
191 200 17 
191 201 17 
191 202 17 
191 203 17 
190 204 17 
189 204 17 
188 205 17 
187 206 17 
187 207 17 
187 208 17 
187 209 17 
187 210 17 
187 211 17 
187 212 17 
187 213 17 
188 214 17 
189 214 17 
190 214 17 
190 215 17 
191 216 17 
V
Segmentation 4
310 302 17 
311 301 17 
311 300 17 
312 300 17 
313 300 17 
314 300 17 
315 301 17 
316 301 17 
317 301 17 
318 301 17 
319 301 17 
320 301 17 
321 300 17 
321 299 17 
320 298 17 
319 297 17 
319 296 17 
320 295 17 
320 294 17 
319 293 17 
319 292 17 
319 291 17 
318 290 17 
317 289 17 
316 290 17 
315 290 17 
315 289 17 
315 288 17 
314 287 17 
314 286 17 
314 285 17 
313 284 17 
312 284 17 
311 283 17 
310 283 17 
309 283 17 
308 284 17 
307 284 17 
306 285 17 
305 286 17 
305 287 17 
305 288 17 
305 289 17 
305 290 17 
305 291 17 
305 292 17 
305 293 17 
304 294 17 
303 295 17 
303 296 17 
303 297 17 
303 298 17 
303 299 17 
303 300 17 
304 301 17 
305 301 17 
306 301 17 
307 301 17 
308 301 17 
309 301 17 
310 302 17 
V
Segmentation 5
161 297 17 
162 296 17 
163 295 17 
164 294 17 
165 293 17 
165 292 17 
165 291 17 
164 290 17 
164 289 17 
163 288 17 
163 287 17 
163 286 17 
162 285 17 
161 285 17 
160 285 17 
159 286 17 
158 287 17 
157 288 17 
156 289 17 
156 290 17 
155 291 17 
155 292 17 
156 293 17 
156 294 17 
157 295 17 
157 296 17 
158 297 17 
159 297 17 
160 297 17 
161 297 17 
V
Segmentation 6
165 316 17 
166 315 17 
167 314 17 
168 313 17 
168 312 17 
168 311 17 
168 310 17 
168 309 17 
168 308 17 
168 307 17 
167 306 17 
166 305 17 
165 305 17 
164 305 17 
163 305 17 
162 305 17 
161 305 17 
160 306 17 
159 307 17 
159 308 17 
159 309 17 
159 310 17 
159 311 17 
159 312 17 
159 313 17 
160 314 17 
161 314 17 
162 315 17 
163 315 17 
164 316 17 
165 316 17 
V
Segmentation 7
325 358 17 
326 357 17 
327 356 17 
328 355 17 
329 354 17 
330 353 17 
330 352 17 
330 351 17 
330 350 17 
330 349 17 
329 348 17 
328 348 17 
327 347 17 
326 347 17 
325 346 17 
324 346 17 
324 345 17 
325 344 17 
325 343 17 
325 342 17 
326 341 17 
326 340 17 
326 339 17 
325 338 17 
324 337 17 
323 336 17 
324 335 17 
324 334 17 
324 333 17 
325 332 17 
325 331 17 
324 330 17 
323 329 17 
322 329 17 
321 328 17 
320 328 17 
319 327 17 
320 326 17 
320 325 17 
319 324 17 
318 323 17 
317 323 17 
316 322 17 
315 322 17 
314 322 17 
313 322 17 
312 323 17 
311 323 17 
310 324 17 
309 324 17 
308 323 17 
307 323 17 
306 324 17 
305 324 17 
304 325 17 
303 326 17 
303 327 17 
303 328 17 
303 329 17 
302 330 17 
302 331 17 
303 332 17 
304 333 17 
305 334 17 
306 335 17 
307 335 17 
307 336 17 
308 337 17 
308 338 17 
308 339 17 
308 340 17 
308 341 17 
308 342 17 
308 343 17 
309 344 17 
310 344 17 
310 345 17 
311 346 17 
312 346 17 
313 346 17 
314 345 17 
315 345 17 
316 344 17 
317 344 17 
318 344 17 
319 345 17 
320 345 17 
321 346 17 
322 346 17 
322 347 17 
321 348 17 
320 349 17 
320 350 17 
319 351 17 
319 352 17 
319 353 17 
320 354 17 
320 355 17 
321 356 17 
321 357 17 
322 358 17 
323 358 17 
324 358 17 
325 358 17 
V
Segmentation 8
295 359 17 
296 358 17 
297 358 17 
298 357 17 
299 356 17 
299 355 17 
298 354 17 
298 353 17 
298 352 17 
297 351 17 
297 350 17 
296 349 17 
295 348 17 
294 348 17 
293 348 17 
292 348 17 
291 349 17 
291 350 17 
290 351 17 
289 352 17 
288 353 17 
287 353 17 
286 353 17 
285 354 17 
285 355 17 
285 356 17 
286 357 17 
287 357 17 
288 358 17 
289 358 17 
290 358 17 
291 358 17 
292 358 17 
293 359 17 
294 359 17 
295 359 17 
V
Segmentation 9
149 377 17 
150 376 17 
151 375 17 
151 374 17 
151 373 17 
152 373 17 
153 372 17 
154 372 17 
155 371 17 
156 371 17 
157 371 17 
158 370 17 
158 369 17 
159 369 17 
160 368 17 
160 367 17 
159 366 17 
160 365 17 
160 364 17 
160 363 17 
160 362 17 
159 361 17 
158 361 17 
157 361 17 
156 361 17 
155 361 17 
154 361 17 
153 361 17 
152 361 17 
151 361 17 
150 362 17 
149 363 17 
148 363 17 
147 363 17 
147 362 17 
147 361 17 
147 360 17 
146 359 17 
145 358 17 
144 357 17 
144 356 17 
144 355 17 
143 354 17 
142 355 17 
141 355 17 
140 355 17 
139 356 17 
138 356 17 
137 357 17 
137 358 17 
136 359 17 
137 360 17 
138 361 17 
138 362 17 
139 363 17 
139 364 17 
139 365 17 
139 366 17 
139 367 17 
139 368 17 
140 369 17 
141 370 17 
142 371 17 
143 371 17 
144 372 17 
145 372 17 
146 373 17 
146 374 17 
147 375 17 
148 376 17 
149 377 17 
V
Segmentation 10
125 395 17 
126 394 17 
127 394 17 
128 393 17 
129 392 17 
129 391 17 
129 390 17 
129 389 17 
130 388 17 
130 387 17 
130 386 17 
131 386 17 
132 386 17 
133 386 17 
134 385 17 
134 384 17 
134 383 17 
134 382 17 
134 381 17 
134 380 17 
135 379 17 
135 378 17 
135 377 17 
136 377 17 
137 376 17 
137 375 17 
137 374 17 
138 373 17 
138 372 17 
138 371 17 
138 370 17 
138 369 17 
137 368 17 
136 368 17 
135 368 17 
134 367 17 
133 367 17 
132 368 17 
131 368 17 
130 369 17 
129 369 17 
128 369 17 
127 369 17 
126 369 17 
125 369 17 
124 369 17 
123 370 17 
122 371 17 
121 372 17 
121 373 17 
121 374 17 
121 375 17 
121 376 17 
122 377 17 
123 377 17 
124 378 17 
125 379 17 
125 380 17 
125 381 17 
126 382 17 
126 383 17 
126 384 17 
125 384 17 
124 384 17 
123 385 17 
122 385 17 
121 386 17 
120 387 17 
120 388 17 
120 389 17 
121 390 17 
121 391 17 
121 392 17 
121 393 17 
122 394 17 
123 394 17 
124 395 17 
125 395 17 
V
Segmentation 11
145 404 17 
146 403 17 
147 403 17 
148 403 17 
149 402 17 
150 401 17 
150 400 17 
151 399 17 
151 398 17 
151 397 17 
151 396 17 
150 395 17 
150 394 17 
150 393 17 
151 392 17 
151 391 17 
152 390 17 
153 390 17 
154 390 17 
155 389 17 
155 388 17 
156 387 17 
156 386 17 
157 385 17 
157 384 17 
158 383 17 
157 382 17 
157 381 17 
156 380 17 
155 380 17 
154 380 17 
153 379 17 
152 379 17 
151 379 17 
150 380 17 
149 381 17 
149 382 17 
148 383 17 
148 384 17 
147 385 17 
146 385 17 
145 385 17 
144 385 17 
143 385 17 
142 386 17 
141 387 17 
141 388 17 
141 389 17 
141 390 17 
141 391 17 
140 392 17 
140 393 17 
140 394 17 
141 395 17 
141 396 17 
141 397 17 
141 398 17 
141 399 17 
141 400 17 
141 401 17 
142 402 17 
143 403 17 
144 403 17 
145 404 17 
V
Segmentation 0
185 213 18 
186 212 18 
186 211 18 
187 212 18 
188 211 18 
188 210 18 
189 209 18 
190 208 18 
191 207 18 
190 206 18 
189 206 18 
190 205 18 
191 205 18 
192 204 18 
193 204 18 
194 204 18 
195 204 18 
196 204 18 
197 205 18 
198 204 18 
199 203 18 
199 202 18 
199 201 18 
199 200 18 
199 199 18 
199 198 18 
199 197 18 
199 196 18 
198 195 18 
197 195 18 
196 194 18 
195 193 18 
194 193 18 
193 194 18 
192 194 18 
191 194 18 
190 193 18 
190 192 18 
189 191 18 
189 190 18 
188 189 18 
187 189 18 
186 189 18 
185 189 18 
184 189 18 
183 189 18 
182 189 18 
181 189 18 
180 190 18 
180 191 18 
180 192 18 
180 193 18 
180 194 18 
179 195 18 
178 195 18 
177 196 18 
176 196 18 
175 196 18 
174 195 18 
173 194 18 
172 193 18 
171 193 18 
172 192 18 
172 191 18 
172 190 18 
171 189 18 
170 188 18 
169 187 18 
168 187 18 
167 187 18 
166 187 18 
165 187 18 
164 187 18 
163 187 18 
162 187 18 
161 188 18 
160 189 18 
160 190 18 
160 191 18 
159 192 18 
159 193 18 
159 194 18 
160 195 18 
161 196 18 
161 197 18 
162 198 18 
163 199 18 
162 199 18 
161 200 18 
160 201 18 
160 202 18 
160 203 18 
159 204 18 
159 205 18 
160 206 18 
161 206 18 
162 206 18 
163 206 18 
164 206 18 
165 206 18 
166 206 18 
167 205 18 
168 204 18 
169 204 18 
170 204 18 
171 204 18 
172 204 18 
173 204 18 
174 203 18 
175 203 18 
176 203 18 
177 203 18 
178 204 18 
179 204 18 
180 205 18 
180 206 18 
180 207 18 
180 208 18 
179 209 18 
179 210 18 
180 211 18 
181 212 18 
182 212 18 
183 213 18 
184 213 18 
185 213 18 
V
Segmentation 1
269 235 18 
270 234 18 
270 233 18 
270 232 18 
271 231 18 
272 230 18 
272 229 18 
272 228 18 
272 227 18 
271 226 18 
271 225 18 
271 224 18 
271 223 18 
272 222 18 
272 221 18 
272 220 18 
272 219 18 
273 218 18 
273 217 18 
273 216 18 
273 215 18 
272 214 18 
272 213 18 
272 212 18 
272 211 18 
271 210 18 
272 209 18 
272 208 18 
271 207 18 
270 206 18 
269 205 18 
268 205 18 
267 205 18 
266 205 18 
265 205 18 
264 205 18 
263 205 18 
262 204 18 
262 203 18 
261 202 18 
260 202 18 
259 202 18 
258 202 18 
257 202 18 
256 202 18 
255 202 18 
254 203 18 
253 204 18 
252 205 18 
252 206 18 
252 207 18 
252 208 18 
252 209 18 
253 210 18 
254 211 18 
255 212 18 
256 213 18 
257 213 18 
258 213 18 
259 213 18 
260 213 18 
261 213 18 
262 214 18 
263 214 18 
263 215 18 
263 216 18 
263 217 18 
263 218 18 
262 218 18 
261 219 18 
260 220 18 
259 221 18 
258 222 18 
259 223 18 
259 224 18 
259 225 18 
260 226 18 
261 226 18 
261 227 18 
261 228 18 
262 229 18 
262 230 18 
262 231 18 
263 232 18 
264 233 18 
265 234 18 
266 235 18 
267 235 18 
268 235 18 
269 235 18 
V
Segmentation 2
295 224 18 
296 223 18 
297 222 18 
297 221 18 
298 221 18 
299 220 18 
299 219 18 
299 218 18 
298 217 18 
297 216 18 
296 216 18 
295 216 18 
294 216 18 
294 215 18 
294 214 18 
293 213 18 
292 213 18 
291 213 18 
290 214 18 
290 215 18 
289 216 18 
288 217 18 
288 218 18 
288 219 18 
288 220 18 
288 221 18 
289 222 18 
290 223 18 
291 224 18 
292 224 18 
293 224 18 
294 224 18 
295 224 18 
V
Segmentation 3
306 269 18 
307 268 18 
308 267 18 
309 267 18 
310 266 18 
310 265 18 
311 264 18 
311 263 18 
311 262 18 
312 261 18 
313 261 18 
314 260 18 
315 259 18 
315 258 18 
315 257 18 
315 256 18 
315 255 18 
315 254 18 
315 253 18 
314 252 18 
313 252 18 
312 251 18 
311 251 18 
310 250 18 
309 250 18 
308 250 18 
307 251 18 
306 251 18 
305 250 18 
304 250 18 
303 250 18 
302 249 18 
301 250 18 
300 250 18 
299 251 18 
298 252 18 
298 253 18 
298 254 18 
298 255 18 
298 256 18 
298 257 18 
298 258 18 
297 258 18 
296 259 18 
295 259 18 
294 259 18 
293 259 18 
292 260 18 
293 261 18 
293 262 18 
293 263 18 
293 264 18 
294 265 18 
293 266 18 
294 267 18 
295 267 18 
296 268 18 
297 269 18 
298 268 18 
299 268 18 
300 267 18 
301 267 18 
302 268 18 
303 268 18 
304 268 18 
305 268 18 
306 269 18 
V
Segmentation 4
300 286 18 
301 285 18 
302 284 18 
302 283 18 
302 282 18 
302 281 18 
301 280 18 
301 279 18 
300 278 18 
300 277 18 
300 276 18 
299 275 18 
298 275 18 
297 276 18 
296 276 18 
295 277 18 
294 278 18 
294 279 18 
294 280 18 
295 281 18 
295 282 18 
294 283 18 
295 284 18 
296 285 18 
297 286 18 
298 286 18 
299 286 18 
300 286 18 
V
Segmentation 5
282 291 18 
283 290 18 
283 289 18 
283 288 18 
283 287 18 
282 286 18 
283 285 18 
284 284 18 
284 283 18 
285 283 18 
286 282 18 
287 281 18 
287 280 18 
286 279 18 
285 278 18 
284 278 18 
283 277 18 
282 277 18 
281 278 18 
280 278 18 
279 278 18 
278 279 18 
278 280 18 
278 281 18 
278 282 18 
279 283 18 
279 284 18 
278 284 18 
277 284 18 
276 284 18 
275 285 18 
275 286 18 
275 287 18 
275 288 18 
275 289 18 
276 290 18 
277 290 18 
278 291 18 
279 291 18 
280 291 18 
281 291 18 
282 291 18 
V
Segmentation 6
308 303 18 
309 302 18 
310 301 18 
311 301 18 
312 301 18 
313 301 18 
314 301 18 
315 300 18 
316 299 18 
317 298 18 
317 297 18 
318 296 18 
318 295 18 
318 294 18 
318 293 18 
317 292 18 
316 291 18 
315 290 18 
314 290 18 
313 290 18 
312 291 18 
311 291 18 
310 291 18 
309 292 18 
308 291 18 
307 290 18 
306 290 18 
305 291 18 
304 291 18 
303 292 18 
302 293 18 
302 294 18 
302 295 18 
302 296 18 
302 297 18 
302 298 18 
303 299 18 
304 300 18 
305 301 18 
305 302 18 
306 303 18 
307 303 18 
308 303 18 
V
Segmentation 7
309 338 18 
310 337 18 
311 337 18 
312 337 18 
313 337 18 
314 336 18 
314 335 18 
314 334 18 
315 333 18 
315 332 18 
316 331 18 
317 330 18 
317 329 18 
317 328 18 
318 327 18 
318 326 18 
317 325 18 
317 324 18 
318 324 18 
319 324 18 
320 323 18 
321 323 18 
322 323 18 
323 323 18 
324 322 18 
324 321 18 
324 320 18 
323 319 18 
323 318 18 
323 317 18 
323 316 18 
323 315 18 
322 314 18 
321 314 18 
320 314 18 
319 313 18 
318 314 18 
317 315 18 
316 315 18 
315 316 18 
314 316 18 
313 316 18 
312 316 18 
311 315 18 
310 315 18 
309 315 18 
308 315 18 
307 316 18 
306 317 18 
306 318 18 
306 319 18 
306 320 18 
306 321 18 
306 322 18 
306 323 18 
305 324 18 
304 324 18 
303 324 18 
302 324 18 
301 324 18 
300 324 18 
299 325 18 
299 326 18 
299 327 18 
299 328 18 
299 329 18 
300 330 18 
300 331 18 
301 332 18 
302 332 18 
303 333 18 
303 334 18 
303 335 18 
304 336 18 
305 337 18 
306 337 18 
307 338 18 
308 338 18 
309 338 18 
V
Segmentation 8
142 363 18 
143 362 18 
144 361 18 
145 360 18 
145 359 18 
145 358 18 
145 357 18 
146 356 18 
147 355 18 
148 354 18 
149 353 18 
149 352 18 
148 351 18 
147 350 18 
146 349 18 
146 348 18 
145 347 18 
144 347 18 
143 347 18 
142 347 18 
141 347 18 
140 346 18 
139 346 18 
138 345 18 
137 345 18 
136 345 18 
135 345 18 
134 346 18 
133 347 18 
132 347 18 
131 347 18 
130 346 18 
129 346 18 
128 346 18 
127 345 18 
126 345 18 
125 346 18 
125 347 18 
125 348 18 
125 349 18 
124 350 18 
124 351 18 
124 352 18 
124 353 18 
124 354 18 
125 355 18 
126 355 18 
127 356 18 
128 356 18 
129 356 18 
130 356 18 
131 355 18 
132 354 18 
133 354 18 
133 355 18 
133 356 18 
133 357 18 
134 358 18 
135 359 18 
136 360 18 
137 361 18 
138 362 18 
139 362 18 
140 363 18 
141 363 18 
142 363 18 
V
Segmentation 9
295 371 18 
296 370 18 
297 370 18 
298 369 18 
298 368 18 
298 367 18 
298 366 18 
298 365 18 
298 364 18 
298 363 18 
298 362 18 
298 361 18 
297 360 18 
297 359 18 
297 358 18 
297 357 18 
298 356 18 
298 355 18 
299 355 18 
300 354 18 
300 353 18 
299 352 18 
299 351 18 
299 350 18 
298 349 18 
297 348 18 
296 347 18 
295 347 18 
294 347 18 
293 348 18 
292 349 18 
291 350 18 
291 351 18 
290 352 18 
290 353 18 
291 354 18 
291 355 18 
291 356 18 
291 357 18 
290 358 18 
290 359 18 
290 360 18 
290 361 18 
290 362 18 
290 363 18 
290 364 18 
290 365 18 
290 366 18 
290 367 18 
290 368 18 
290 369 18 
290 370 18 
291 371 18 
292 371 18 
293 371 18 
294 371 18 
295 371 18 
V
Segmentation 0
187 212 19 
188 211 19 
189 210 19 
188 209 19 
188 208 19 
189 208 19 
190 207 19 
191 207 19 
192 206 19 
191 205 19 
190 204 19 
189 204 19 
188 203 19 
187 203 19 
186 203 19 
185 202 19 
184 202 19 
184 201 19 
184 200 19 
184 199 19 
184 198 19 
184 197 19 
183 196 19 
182 195 19 
181 195 19 
180 194 19 
180 193 19 
180 192 19 
180 191 19 
180 190 19 
180 189 19 
180 188 19 
179 187 19 
178 187 19 
177 186 19 
177 185 19 
177 184 19 
177 183 19 
177 182 19 
176 181 19 
175 180 19 
174 179 19 
173 179 19 
172 178 19 
171 178 19 
170 179 19 
169 180 19 
168 180 19 
167 181 19 
166 181 19 
165 181 19 
164 181 19 
163 182 19 
163 183 19 
162 184 19 
162 185 19 
161 186 19 
161 187 19 
161 188 19 
162 189 19 
163 190 19 
164 191 19 
164 192 19 
164 193 19 
163 194 19 
163 195 19 
163 196 19 
163 197 19 
164 198 19 
164 199 19 
165 200 19 
166 201 19 
166 202 19 
166 203 19 
166 204 19 
166 205 19 
167 206 19 
168 207 19 
169 208 19 
170 208 19 
171 208 19 
172 207 19 
173 206 19 
174 205 19 
175 204 19 
176 204 19 
177 204 19 
178 204 19 
179 205 19 
180 205 19 
180 206 19 
180 207 19 
180 208 19 
180 209 19 
181 210 19 
182 211 19 
183 212 19 
184 212 19 
185 212 19 
186 211 19 
187 212 19 
V
Segmentation 1
268 254 19 
269 253 19 
269 252 19 
269 251 19 
270 250 19 
270 249 19 
270 248 19 
270 247 19 
270 246 19 
269 245 19 
269 244 19 
269 243 19 
269 242 19 
269 241 19 
269 240 19 
269 239 19 
269 238 19 
270 237 19 
271 236 19 
272 235 19 
272 234 19 
272 233 19 
273 232 19 
273 231 19 
273 230 19 
273 229 19 
273 228 19 
274 228 19 
275 228 19 
276 228 19 
277 228 19 
278 229 19 
279 230 19 
279 231 19 
279 232 19 
279 233 19 
279 234 19 
279 235 19 
280 236 19 
279 236 19 
278 237 19 
277 237 19 
276 238 19 
276 239 19 
276 240 19 
275 241 19 
275 242 19 
275 243 19 
274 244 19 
275 245 19 
276 246 19 
277 247 19 
278 248 19 
279 248 19 
280 248 19 
281 247 19 
282 246 19 
283 245 19 
284 245 19 
285 244 19 
286 243 19 
287 242 19 
288 241 19 
288 240 19 
288 239 19 
289 238 19 
289 237 19 
288 236 19 
288 235 19 
288 234 19 
288 233 19 
289 232 19 
290 231 19 
291 231 19 
292 231 19 
293 230 19 
293 229 19 
293 228 19 
293 227 19 
293 226 19 
294 225 19 
294 224 19 
294 223 19 
294 222 19 
294 221 19 
293 220 19 
292 220 19 
291 220 19 
290 220 19 
289 220 19 
288 220 19 
287 221 19 
286 221 19 
285 221 19 
284 222 19 
283 222 19 
282 222 19 
281 221 19 
280 221 19 
280 220 19 
280 219 19 
280 218 19 
280 217 19 
281 216 19 
281 215 19 
281 214 19 
280 213 19 
279 213 19 
278 213 19 
277 212 19 
276 212 19 
275 212 19 
275 211 19 
275 210 19 
275 209 19 
275 208 19 
276 207 19 
276 206 19 
276 205 19 
275 204 19 
274 204 19 
273 203 19 
272 203 19 
271 202 19 
270 203 19 
269 203 19 
268 203 19 
267 204 19 
266 203 19 
265 202 19 
264 202 19 
263 203 19 
262 203 19 
261 204 19 
260 205 19 
259 206 19 
259 207 19 
259 208 19 
260 209 19 
260 210 19 
260 211 19 
260 212 19 
259 212 19 
258 213 19 
257 213 19 
256 214 19 
255 215 19 
255 216 19 
255 217 19 
255 218 19 
255 219 19 
256 220 19 
257 221 19 
258 221 19 
259 222 19 
260 223 19 
260 224 19 
260 225 19 
260 226 19 
261 227 19 
262 228 19 
262 229 19 
262 230 19 
262 231 19 
262 232 19 
262 233 19 
262 234 19 
261 235 19 
261 236 19 
261 237 19 
261 238 19 
261 239 19 
260 240 19 
260 241 19 
260 242 19 
260 243 19 
260 244 19 
260 245 19 
259 246 19 
259 247 19 
259 248 19 
259 249 19 
259 250 19 
258 251 19 
259 252 19 
260 253 19 
261 253 19 
262 253 19 
263 253 19 
264 253 19 
265 254 19 
266 254 19 
267 254 19 
268 254 19 
V
Segmentation 2
307 268 19 
308 267 19 
309 266 19 
310 265 19 
310 264 19 
311 263 19 
311 262 19 
312 262 19 
313 262 19 
314 261 19 
315 261 19 
316 260 19 
316 259 19 
316 258 19 
316 257 19 
316 256 19 
316 255 19 
316 254 19 
315 253 19 
314 252 19 
313 252 19 
312 252 19 
311 251 19 
310 251 19 
309 252 19 
308 252 19 
307 253 19 
306 253 19 
305 252 19 
304 252 19 
303 251 19 
302 251 19 
301 250 19 
300 251 19 
299 251 19 
298 252 19 
298 253 19 
298 254 19 
298 255 19 
298 256 19 
298 257 19 
298 258 19 
298 259 19 
299 260 19 
300 261 19 
301 261 19 
301 262 19 
302 263 19 
302 264 19 
302 265 19 
302 266 19 
303 267 19 
304 268 19 
305 268 19 
306 268 19 
307 268 19 
V
Segmentation 3
156 303 19 
157 302 19 
158 301 19 
159 301 19 
160 300 19 
161 299 19 
161 298 19 
161 297 19 
160 296 19 
161 295 19 
162 294 19 
163 293 19 
164 292 19 
164 291 19 
164 290 19 
163 289 19 
163 288 19 
162 287 19 
162 286 19 
161 285 19 
160 285 19 
160 284 19 
159 283 19 
160 282 19 
161 281 19 
162 280 19 
162 279 19 
163 278 19 
163 277 19 
164 276 19 
164 275 19 
163 274 19 
162 273 19 
161 273 19 
160 272 19 
159 272 19 
158 272 19 
157 272 19 
156 273 19 
155 274 19 
154 275 19 
154 276 19 
153 277 19 
153 278 19 
154 279 19 
154 280 19 
153 281 19 
152 282 19 
151 282 19 
150 283 19 
149 284 19 
148 285 19 
148 286 19 
148 287 19 
148 288 19 
148 289 19 
149 290 19 
150 290 19 
151 291 19 
152 291 19 
153 292 19 
153 293 19 
152 294 19 
151 295 19 
151 296 19 
151 297 19 
151 298 19 
150 299 19 
151 300 19 
152 300 19 
153 301 19 
154 302 19 
155 302 19 
156 303 19 
V
Segmentation 4
262 328 19 
263 327 19 
264 326 19 
265 325 19 
265 324 19 
266 323 19 
266 322 19 
267 321 19 
266 320 19 
266 319 19 
266 318 19 
266 317 19 
267 316 19 
268 315 19 
269 314 19 
269 313 19 
269 312 19 
269 311 19 
269 310 19 
269 309 19 
268 308 19 
268 307 19 
268 306 19 
268 305 19 
268 304 19 
268 303 19 
267 302 19 
267 301 19 
267 300 19 
268 299 19 
269 298 19 
269 297 19 
269 296 19 
269 295 19 
270 294 19 
270 293 19 
270 292 19 
269 291 19 
268 290 19 
267 289 19 
266 289 19 
267 288 19 
267 287 19 
267 286 19 
267 285 19 
266 284 19 
266 283 19 
266 282 19 
266 281 19 
266 280 19 
267 279 19 
267 278 19 
267 277 19 
267 276 19 
267 275 19 
266 274 19 
265 274 19 
264 274 19 
263 274 19 
262 274 19 
261 274 19 
260 274 19 
259 274 19 
258 275 19 
258 276 19 
258 277 19 
258 278 19 
258 279 19 
258 280 19 
259 281 19 
259 282 19 
259 283 19 
259 284 19 
260 285 19 
260 286 19 
260 287 19 
260 288 19 
260 289 19 
259 290 19 
259 291 19 
259 292 19 
259 293 19 
259 294 19 
259 295 19 
259 296 19 
259 297 19 
259 298 19 
259 299 19 
259 300 19 
259 301 19 
259 302 19 
259 303 19 
259 304 19 
259 305 19 
259 306 19 
259 307 19 
260 308 19 
260 309 19 
260 310 19 
260 311 19 
260 312 19 
260 313 19 
259 314 19 
259 315 19 
260 316 19 
259 317 19 
259 318 19 
259 319 19 
259 320 19 
259 321 19 
259 322 19 
260 323 19 
259 324 19 
260 325 19 
260 326 19 
261 327 19 
262 328 19 
V
Segmentation 5
130 322 19 
131 321 19 
132 320 19 
133 319 19 
133 318 19 
133 317 19 
133 316 19 
134 316 19 
135 315 19 
136 314 19 
136 313 19 
136 312 19 
136 311 19 
135 310 19 
135 309 19 
134 308 19 
133 308 19 
132 308 19 
131 308 19 
130 308 19 
129 308 19 
128 308 19 
127 309 19 
126 309 19 
125 310 19 
126 311 19 
126 312 19 
126 313 19 
127 314 19 
126 315 19 
126 316 19 
125 317 19 
124 318 19 
125 319 19 
126 320 19 
127 321 19 
128 321 19 
129 322 19 
130 322 19 
V
Segmentation 6
292 347 19 
293 346 19 
294 345 19 
295 344 19 
296 343 19 
296 342 19 
296 341 19 
296 340 19 
296 339 19 
297 339 19 
298 338 19 
299 337 19 
299 336 19 
299 335 19 
300 334 19 
300 333 19 
299 332 19 
298 332 19 
297 331 19 
297 330 19 
296 329 19 
295 328 19 
294 329 19 
293 329 19 
292 330 19 
291 331 19 
290 332 19 
290 333 19 
290 334 19 
290 335 19 
290 336 19 
290 337 19 
289 338 19 
288 338 19 
287 339 19 
286 340 19 
286 341 19 
286 342 19 
286 343 19 
286 344 19 
287 345 19 
288 345 19 
289 346 19 
290 346 19 
291 347 19 
292 347 19 
V
Segmentation 7
132 341 19 
133 340 19 
134 339 19 
134 338 19 
135 337 19 
134 336 19 
133 336 19 
132 336 19 
132 335 19 
132 334 19 
131 333 19 
131 332 19 
130 331 19 
129 331 19 
128 331 19 
127 331 19 
126 331 19 
125 331 19 
124 332 19 
123 333 19 
123 334 19 
124 335 19 
124 336 19 
125 337 19 
126 338 19 
127 339 19 
128 340 19 
129 341 19 
130 341 19 
131 341 19 
132 341 19 
V
Segmentation 8
262 362 19 
263 361 19 
263 360 19 
264 359 19 
264 358 19 
265 357 19 
265 356 19 
266 356 19 
267 356 19 
268 356 19 
269 355 19 
269 354 19 
269 353 19 
268 352 19 
268 351 19 
268 350 19 
267 349 19 
267 348 19 
267 347 19 
266 346 19 
265 346 19 
264 346 19 
263 345 19 
262 346 19 
261 347 19 
260 348 19 
260 349 19 
260 350 19 
259 351 19 
258 352 19 
257 353 19 
257 354 19 
256 355 19 
256 356 19 
256 357 19 
256 358 19 
256 359 19 
257 360 19 
258 361 19 
259 362 19 
260 362 19 
261 362 19 
262 362 19 
V
Segmentation 0
263 183 20 
264 182 20 
265 182 20 
266 182 20 
267 181 20 
268 181 20 
269 180 20 
269 179 20 
269 178 20 
269 177 20 
268 176 20 
268 175 20 
268 174 20 
268 173 20 
267 172 20 
266 171 20 
265 170 20 
264 169 20 
264 168 20 
264 167 20 
264 166 20 
263 165 20 
262 165 20 
261 164 20 
260 164 20 
259 164 20 
258 165 20 
257 165 20 
256 166 20 
256 167 20 
256 168 20 
256 169 20 
256 170 20 
256 171 20 
256 172 20 
257 173 20 
258 174 20 
259 174 20 
260 175 20 
260 176 20 
260 177 20 
260 178 20 
261 179 20 
261 180 20 
262 181 20 
262 182 20 
263 183 20 
V
Segmentation 1
173 202 20 
174 201 20 
175 201 20 
176 200 20 
176 199 20 
176 198 20 
176 197 20 
175 196 20 
175 195 20 
175 194 20 
174 193 20 
174 192 20 
173 191 20 
172 190 20 
172 189 20 
171 188 20 
170 187 20 
169 187 20 
168 186 20 
167 187 20 
166 187 20 
165 188 20 
164 189 20 
163 190 20 
163 191 20 
163 192 20 
163 193 20 
163 194 20 
164 195 20 
165 196 20 
166 196 20 
167 197 20 
168 197 20 
168 198 20 
168 199 20 
168 200 20 
168 201 20 
169 202 20 
170 202 20 
171 202 20 
172 202 20 
173 202 20 
V
Segmentation 2
270 220 20 
271 219 20 
272 219 20 
273 218 20 
274 218 20 
275 218 20 
276 218 20 
277 218 20 
278 217 20 
278 216 20 
277 215 20 
276 214 20 
276 213 20 
276 212 20 
276 211 20 
275 210 20 
275 209 20 
275 208 20 
275 207 20 
275 206 20 
275 205 20 
274 204 20 
273 203 20 
272 202 20 
271 203 20 
270 203 20 
269 203 20 
268 204 20 
267 204 20 
266 205 20 
266 206 20 
266 207 20 
266 208 20 
267 209 20 
267 210 20 
267 211 20 
267 212 20 
266 213 20 
266 214 20 
266 215 20 
267 216 20 
267 217 20 
268 218 20 
269 219 20 
270 220 20 
V
Segmentation 3
172 220 20 
173 219 20 
174 218 20 
174 217 20 
174 216 20 
174 215 20 
174 214 20 
174 213 20 
174 212 20 
173 211 20 
172 210 20 
171 210 20 
170 210 20 
169 209 20 
168 209 20 
167 210 20 
166 210 20 
165 211 20 
164 211 20 
163 212 20 
162 213 20 
162 214 20 
163 215 20 
164 216 20 
165 217 20 
166 218 20 
166 219 20 
167 220 20 
168 220 20 
169 220 20 
170 220 20 
171 220 20 
172 220 20 
V
Segmentation 4
262 315 20 
263 314 20 
264 313 20 
265 312 20 
265 311 20 
265 310 20 
266 309 20 
267 308 20 
267 307 20 
267 306 20 
266 305 20 
266 304 20 
267 303 20 
267 302 20 
268 301 20 
268 300 20 
268 299 20 
267 298 20 
267 297 20 
266 296 20 
266 295 20 
267 294 20 
268 293 20 
268 292 20 
269 291 20 
268 290 20 
268 289 20 
268 288 20 
268 287 20 
268 286 20 
268 285 20 
268 284 20 
269 283 20 
269 282 20 
269 281 20 
269 280 20 
269 279 20 
269 278 20 
269 277 20 
269 276 20 
270 275 20 
270 274 20 
270 273 20 
270 272 20 
270 271 20 
271 271 20 
272 270 20 
273 270 20 
274 269 20 
275 269 20 
276 269 20 
277 270 20 
278 270 20 
279 270 20 
280 269 20 
280 268 20 
280 267 20 
280 266 20 
280 265 20 
280 264 20 
280 263 20 
280 262 20 
280 261 20 
279 260 20 
278 260 20 
277 259 20 
276 259 20 
276 258 20 
276 257 20 
276 256 20 
276 255 20 
276 254 20 
276 253 20 
275 252 20 
274 252 20 
273 251 20 
272 251 20 
271 251 20 
271 250 20 
271 249 20 
271 248 20 
271 247 20 
271 246 20 
271 245 20 
271 244 20 
271 243 20 
270 242 20 
270 241 20 
270 240 20 
270 239 20 
270 238 20 
270 237 20 
271 236 20 
272 235 20 
272 234 20 
271 233 20 
270 232 20 
269 231 20 
269 230 20 
270 229 20 
270 228 20 
271 227 20 
271 226 20 
270 225 20 
269 224 20 
269 223 20 
268 222 20 
267 222 20 
266 222 20 
265 222 20 
264 222 20 
263 222 20 
262 223 20 
261 224 20 
261 225 20 
261 226 20 
260 227 20 
260 228 20 
260 229 20 
259 229 20 
258 229 20 
257 229 20 
256 229 20 
255 229 20 
254 230 20 
254 231 20 
254 232 20 
254 233 20 
253 234 20 
253 235 20 
252 235 20 
251 236 20 
250 237 20 
250 238 20 
250 239 20 
250 240 20 
250 241 20 
250 242 20 
250 243 20 
251 244 20 
252 244 20 
253 244 20 
254 245 20 
255 246 20 
255 247 20 
256 248 20 
256 249 20 
256 250 20 
255 251 20 
254 251 20 
253 252 20 
252 253 20 
251 254 20 
251 255 20 
251 256 20 
251 257 20 
252 258 20 
253 259 20 
254 260 20 
255 260 20 
256 261 20 
256 262 20 
257 263 20 
257 264 20 
257 265 20 
258 266 20 
258 267 20 
258 268 20 
259 269 20 
259 270 20 
259 271 20 
260 272 20 
260 273 20 
260 274 20 
260 275 20 
260 276 20 
260 277 20 
259 278 20 
259 279 20 
259 280 20 
259 281 20 
259 282 20 
259 283 20 
259 284 20 
259 285 20 
259 286 20 
259 287 20 
259 288 20 
259 289 20 
259 290 20 
259 291 20 
258 292 20 
258 293 20 
258 294 20 
258 295 20 
258 296 20 
258 297 20 
257 298 20 
257 299 20 
257 300 20 
256 301 20 
257 302 20 
257 303 20 
256 304 20 
256 305 20 
257 306 20 
257 307 20 
257 308 20 
256 309 20 
256 310 20 
257 311 20 
258 312 20 
259 313 20 
260 314 20 
261 314 20 
262 315 20 
V
Segmentation 5
157 260 20 
158 259 20 
158 258 20 
159 257 20 
159 256 20 
160 255 20 
161 254 20 
162 253 20 
163 253 20 
164 253 20 
165 253 20 
166 252 20 
167 252 20 
168 251 20 
168 250 20 
168 249 20 
168 248 20 
168 247 20 
168 246 20 
168 245 20 
167 244 20 
166 244 20 
165 243 20 
164 243 20 
163 243 20 
162 244 20 
161 244 20 
160 245 20 
159 245 20 
158 244 20 
158 243 20 
157 242 20 
158 241 20 
159 240 20 
159 239 20 
159 238 20 
159 237 20 
159 236 20 
160 236 20 
161 235 20 
162 234 20 
162 233 20 
161 232 20 
161 231 20 
161 230 20 
161 229 20 
160 228 20 
159 228 20 
158 227 20 
157 227 20 
156 226 20 
155 227 20 
154 227 20 
153 227 20 
152 228 20 
152 229 20 
152 230 20 
152 231 20 
152 232 20 
152 233 20 
152 234 20 
151 235 20 
151 236 20 
150 237 20 
150 238 20 
151 239 20 
151 240 20 
150 241 20 
149 242 20 
149 243 20 
148 244 20 
148 245 20 
149 246 20 
149 247 20 
150 248 20 
151 249 20 
152 250 20 
152 251 20 
152 252 20 
151 253 20 
151 254 20 
151 255 20 
151 256 20 
152 257 20 
152 258 20 
153 259 20 
154 259 20 
155 260 20 
156 260 20 
157 260 20 
V
Segmentation 6
295 263 20 
296 262 20 
297 262 20 
298 261 20 
299 261 20 
300 260 20 
300 259 20 
299 258 20 
299 257 20 
299 256 20 
298 255 20 
298 254 20 
298 253 20 
298 252 20 
299 251 20 
299 250 20 
299 249 20 
299 248 20 
299 247 20 
300 246 20 
301 245 20 
301 244 20 
302 244 20 
303 244 20 
304 244 20 
305 244 20 
306 243 20 
306 242 20 
305 241 20 
305 240 20 
306 239 20 
307 238 20 
307 237 20 
306 236 20 
305 235 20 
304 235 20 
303 234 20 
302 234 20 
301 235 20 
300 235 20 
299 236 20 
298 237 20 
297 237 20 
296 236 20 
295 237 20 
294 237 20 
293 238 20 
293 239 20 
293 240 20 
292 241 20 
292 242 20 
291 241 20 
290 241 20 
289 241 20 
288 240 20 
287 240 20 
286 240 20 
285 240 20 
284 241 20 
283 242 20 
283 243 20 
283 244 20 
284 245 20 
285 246 20 
286 247 20 
287 248 20 
288 249 20 
288 250 20 
287 250 20 
286 251 20 
285 251 20 
284 252 20 
283 252 20 
282 253 20 
282 254 20 
282 255 20 
282 256 20 
282 257 20 
282 258 20 
282 259 20 
283 260 20 
284 260 20 
285 261 20 
286 261 20 
287 262 20 
288 261 20 
289 261 20 
290 260 20 
291 261 20 
292 262 20 
293 262 20 
294 263 20 
295 263 20 
V
Segmentation 7
294 315 20 
295 314 20 
296 313 20 
296 312 20 
296 311 20 
296 310 20 
296 309 20 
295 308 20 
294 307 20 
293 307 20 
292 307 20 
291 307 20 
290 308 20 
289 308 20 
288 308 20 
287 308 20 
286 309 20 
286 310 20 
286 311 20 
286 312 20 
285 313 20 
286 314 20 
287 314 20 
288 315 20 
289 315 20 
290 315 20 
291 315 20 
292 315 20 
293 315 20 
294 315 20 
V
Segmentation 0
188 197 21 
189 196 21 
190 195 21 
190 194 21 
190 193 21 
189 192 21 
189 191 21 
189 190 21 
188 189 21 
187 189 21 
186 188 21 
185 188 21 
184 188 21 
183 188 21 
182 189 21 
181 190 21 
181 191 21 
181 192 21 
181 193 21 
181 194 21 
181 195 21 
182 196 21 
183 197 21 
184 197 21 
185 197 21 
186 197 21 
187 197 21 
188 197 21 
V
Segmentation 1
174 205 21 
175 204 21 
176 203 21 
176 202 21 
177 201 21 
177 200 21 
176 199 21 
176 198 21 
176 197 21 
176 196 21 
175 195 21 
174 195 21 
173 195 21 
172 195 21 
171 196 21 
170 197 21 
169 198 21 
169 199 21 
168 200 21 
168 201 21 
169 202 21 
170 203 21 
171 203 21 
172 204 21 
173 205 21 
174 205 21 
V
Segmentation 2
168 227 21 
169 226 21 
170 225 21 
170 224 21 
170 223 21 
169 222 21 
168 221 21 
168 220 21 
169 220 21 
170 220 21 
171 220 21 
172 219 21 
173 219 21 
174 219 21 
175 218 21 
175 217 21 
175 216 21 
175 215 21 
175 214 21 
175 213 21 
174 212 21 
173 211 21 
172 211 21 
171 210 21 
170 210 21 
169 210 21 
168 211 21 
167 211 21 
166 211 21 
165 212 21 
164 212 21 
163 212 21 
162 212 21 
161 212 21 
160 212 21 
159 212 21 
158 211 21 
157 211 21 
156 212 21 
155 212 21 
154 212 21 
153 213 21 
152 214 21 
152 215 21 
152 216 21 
152 217 21 
152 218 21 
152 219 21 
153 220 21 
154 221 21 
155 221 21 
156 221 21 
157 222 21 
158 222 21 
159 222 21 
160 222 21 
161 222 21 
161 223 21 
161 224 21 
161 225 21 
162 226 21 
163 226 21 
164 227 21 
165 227 21 
166 227 21 
167 227 21 
168 227 21 
V
Segmentation 3
134 237 21 
135 236 21 
136 236 21 
137 235 21 
137 234 21 
137 233 21 
137 232 21 
137 231 21 
138 230 21 
138 229 21 
138 228 21 
137 227 21 
136 227 21 
135 226 21 
134 226 21 
133 226 21 
132 226 21 
131 227 21 
130 228 21 
129 228 21 
128 229 21 
127 230 21 
128 231 21 
128 232 21 
128 233 21 
128 234 21 
129 235 21 
130 236 21 
131 237 21 
132 237 21 
133 237 21 
134 237 21 
V
Segmentation 4
256 238 21 
257 237 21 
257 236 21 
256 235 21 
255 234 21 
255 233 21 
255 232 21 
255 231 21 
255 230 21 
255 229 21 
254 228 21 
253 229 21 
252 229 21 
251 230 21 
250 230 21 
249 230 21 
248 231 21 
247 232 21 
247 233 21 
247 234 21 
248 235 21 
249 236 21 
250 237 21 
251 238 21 
252 238 21 
253 238 21 
254 238 21 
255 238 21 
256 238 21 
V
Segmentation 5
289 256 21 
290 255 21 
291 254 21 
292 253 21 
293 252 21 
293 251 21 
293 250 21 
293 249 21 
293 248 21 
293 247 21 
292 246 21 
291 245 21 
291 244 21 
291 243 21 
291 242 21 
291 241 21 
291 240 21 
291 239 21 
291 238 21 
291 237 21 
290 236 21 
289 236 21 
288 235 21 
287 235 21 
286 235 21 
285 236 21 
284 237 21 
283 238 21 
283 239 21 
282 240 21 
282 241 21 
282 242 21 
281 243 21 
280 243 21 
279 243 21 
278 244 21 
277 245 21 
277 246 21 
277 247 21 
278 248 21 
278 249 21 
278 250 21 
279 251 21 
280 251 21 
281 252 21 
282 252 21 
283 252 21 
283 253 21 
284 254 21 
285 254 21 
286 255 21 
287 255 21 
288 256 21 
289 256 21 
V
Segmentation 6
263 279 21 
264 278 21 
265 277 21 
265 276 21 
266 275 21 
266 274 21 
267 273 21 
267 272 21 
266 271 21 
265 270 21 
264 269 21 
264 268 21 
264 267 21 
264 266 21 
265 265 21 
264 264 21 
264 263 21 
264 262 21 
264 261 21 
263 260 21 
262 260 21 
261 260 21 
260 260 21 
259 260 21 
258 260 21 
257 261 21 
256 262 21 
255 263 21 
254 264 21 
254 265 21 
255 266 21 
255 267 21 
254 268 21 
253 269 21 
252 270 21 
252 271 21 
251 272 21 
251 273 21 
251 274 21 
252 275 21 
253 275 21 
254 276 21 
255 276 21 
256 277 21 
257 277 21 
258 277 21 
259 278 21 
260 278 21 
261 279 21 
262 279 21 
263 279 21 
V
Segmentation 7
286 271 21 
287 270 21 
288 269 21 
288 268 21 
287 267 21 
287 266 21 
287 265 21 
287 264 21 
287 263 21 
286 262 21 
285 262 21 
284 262 21 
283 262 21 
282 261 21 
281 261 21 
280 261 21 
279 262 21 
279 263 21 
279 264 21 
279 265 21 
278 266 21 
279 267 21 
280 268 21 
281 269 21 
282 270 21 
283 271 21 
284 271 21 
285 271 21 
286 271 21 
V
Segmentation 8
143 283 21 
144 282 21 
144 281 21 
144 280 21 
144 279 21 
144 278 21 
144 277 21 
144 276 21 
143 275 21 
142 274 21 
141 274 21 
140 273 21 
139 274 21 
138 275 21 
137 276 21 
137 277 21 
137 278 21 
136 279 21 
136 280 21 
137 281 21 
138 281 21 
139 282 21 
140 282 21 
141 283 21 
142 283 21 
143 283 21 
V
Segmentation 0
192 198 22 
193 197 22 
194 196 22 
195 195 22 
196 194 22 
197 193 22 
198 192 22 
199 191 22 
199 190 22 
198 189 22 
198 188 22 
198 187 22 
198 186 22 
198 185 22 
198 184 22 
199 183 22 
200 182 22 
200 181 22 
200 180 22 
199 179 22 
198 178 22 
197 177 22 
196 176 22 
195 177 22 
194 177 22 
193 178 22 
192 179 22 
191 179 22 
190 180 22 
189 179 22 
188 178 22 
187 178 22 
186 178 22 
185 179 22 
184 179 22 
183 179 22 
182 179 22 
181 180 22 
181 181 22 
181 182 22 
181 183 22 
182 184 22 
182 185 22 
182 186 22 
183 187 22 
184 188 22 
185 188 22 
186 188 22 
186 189 22 
186 190 22 
187 191 22 
187 192 22 
187 193 22 
187 194 22 
187 195 22 
188 196 22 
189 197 22 
190 197 22 
191 198 22 
192 198 22 
V
Segmentation 1
273 222 22 
274 221 22 
274 220 22 
274 219 22 
274 218 22 
274 217 22 
274 216 22 
274 215 22 
275 214 22 
275 213 22 
275 212 22 
274 211 22 
274 210 22 
274 209 22 
274 208 22 
274 207 22 
273 206 22 
272 206 22 
271 205 22 
270 205 22 
269 204 22 
268 204 22 
267 204 22 
266 204 22 
265 204 22 
264 203 22 
263 203 22 
262 204 22 
261 204 22 
260 205 22 
259 206 22 
259 207 22 
259 208 22 
259 209 22 
259 210 22 
259 211 22 
260 212 22 
261 212 22 
262 213 22 
263 213 22 
264 213 22 
265 214 22 
265 215 22 
265 216 22 
265 217 22 
265 218 22 
266 219 22 
267 219 22 
268 220 22 
269 221 22 
270 222 22 
271 222 22 
272 222 22 
273 222 22 
V
Segmentation 2
169 239 22 
170 238 22 
171 238 22 
172 238 22 
173 238 22 
174 238 22 
175 237 22 
175 236 22 
175 235 22 
175 234 22 
175 233 22 
175 232 22 
175 231 22 
175 230 22 
175 229 22 
174 228 22 
174 227 22 
173 226 22 
173 225 22 
174 224 22 
175 223 22 
176 222 22 
175 221 22 
174 220 22 
173 220 22 
172 220 22 
171 220 22 
170 219 22 
169 219 22 
168 219 22 
167 220 22 
166 221 22 
165 222 22 
165 223 22 
165 224 22 
165 225 22 
165 226 22 
166 227 22 
167 228 22 
167 229 22 
167 230 22 
167 231 22 
166 232 22 
166 233 22 
166 234 22 
165 235 22 
165 236 22 
166 237 22 
167 238 22 
168 238 22 
169 239 22 
V
Segmentation 3
265 251 22 
266 250 22 
267 250 22 
268 250 22 
269 250 22 
270 250 22 
271 250 22 
272 249 22 
272 248 22 
272 247 22 
272 246 22 
272 245 22 
272 244 22 
271 243 22 
270 243 22 
269 242 22 
268 242 22 
267 242 22 
266 242 22 
265 243 22 
264 243 22 
263 243 22 
262 244 22 
262 245 22 
262 246 22 
262 247 22 
263 248 22 
263 249 22 
264 250 22 
265 251 22 
V
Segmentation 4
302 261 22 
303 260 22 
304 260 22 
305 259 22 
306 258 22 
306 257 22 
306 256 22 
306 255 22 
306 254 22 
306 253 22 
305 252 22 
304 251 22 
303 251 22 
302 251 22 
301 251 22 
300 251 22 
299 252 22 
298 253 22 
298 254 22 
298 255 22 
298 256 22 
298 257 22 
298 258 22 
299 259 22 
300 260 22 
301 261 22 
302 261 22 
V
Segmentation 5
291 274 22 
292 273 22 
292 272 22 
293 271 22 
293 270 22 
293 269 22 
293 268 22 
292 267 22 
291 266 22 
290 266 22 
289 266 22 
288 266 22 
287 266 22 
286 267 22 
285 267 22 
284 268 22 
283 269 22 
283 270 22 
283 271 22 
284 272 22 
285 273 22 
286 274 22 
287 274 22 
288 274 22 
289 274 22 
290 274 22 
291 274 22 
V
Segmentation 0
189 270 23 
190 269 23 
190 268 23 
190 267 23 
190 266 23 
190 265 23 
191 264 23 
191 263 23 
191 262 23 
190 261 23 
189 261 23 
188 261 23 
187 260 23 
186 260 23 
185 260 23 
184 260 23 
183 261 23 
183 262 23 
183 263 23 
183 264 23 
183 265 23 
183 266 23 
184 267 23 
185 268 23 
186 269 23 
187 270 23 
188 270 23 
189 270 23 
V
Segmentation 1
161 289 23 
162 288 23 
163 288 23 
164 288 23 
165 287 23 
166 287 23 
167 286 23 
167 285 23 
168 284 23 
169 283 23 
168 282 23 
168 281 23 
167 280 23 
167 279 23 
167 278 23 
168 277 23 
168 276 23 
169 275 23 
168 274 23 
167 273 23 
166 273 23 
165 272 23 
164 272 23 
163 273 23 
162 273 23 
161 274 23 
160 275 23 
160 276 23 
160 277 23 
160 278 23 
161 279 23 
161 280 23 
161 281 23 
160 281 23 
159 282 23 
159 283 23 
159 284 23 
158 285 23 
159 286 23 
159 287 23 
159 288 23 
160 289 23 
161 289 23 
V
Segmentation 2
135 295 23 
136 294 23 
137 293 23 
137 292 23 
138 291 23 
138 290 23 
139 289 23 
138 288 23 
137 287 23 
136 286 23 
135 285 23 
134 284 23 
133 283 23 
132 283 23 
131 282 23 
130 282 23 
129 282 23 
128 282 23 
127 283 23 
126 283 23 
125 283 23 
124 284 23 
124 285 23 
124 286 23 
124 287 23 
124 288 23 
124 289 23 
125 290 23 
126 291 23 
127 291 23 
128 292 23 
129 293 23 
129 294 23 
130 295 23 
131 295 23 
132 295 23 
133 295 23 
134 295 23 
135 295 23 
V
Segmentation 0
194 207 24 
195 206 24 
196 205 24 
197 204 24 
198 203 24 
198 202 24 
198 201 24 
198 200 24 
198 199 24 
197 198 24 
196 198 24 
195 197 24 
194 196 24 
193 196 24 
192 197 24 
191 198 24 
190 199 24 
189 200 24 
189 201 24 
189 202 24 
189 203 24 
190 204 24 
191 205 24 
191 206 24 
192 207 24 
193 207 24 
194 207 24 
V
Segmentation 1
197 221 24 
198 220 24 
199 219 24 
200 218 24 
201 217 24 
201 216 24 
200 215 24 
200 214 24 
199 213 24 
198 212 24 
197 213 24 
196 213 24 
195 213 24 
194 214 24 
193 215 24 
192 216 24 
192 217 24 
191 218 24 
191 219 24 
192 220 24 
193 220 24 
194 220 24 
195 221 24 
196 221 24 
197 221 24 
V
Segmentation 2
261 252 24 
262 251 24 
262 250 24 
262 249 24 
263 248 24 
263 247 24 
263 246 24 
264 246 24 
265 245 24 
266 245 24 
267 245 24 
268 244 24 
268 243 24 
268 242 24 
269 241 24 
269 240 24 
269 239 24 
269 238 24 
268 237 24 
267 237 24 
266 236 24 
265 236 24 
264 235 24 
263 235 24 
262 235 24 
261 235 24 
260 235 24 
259 235 24 
258 234 24 
257 234 24 
256 233 24 
255 233 24 
254 233 24 
253 234 24 
252 235 24 
251 236 24 
251 237 24 
251 238 24 
252 239 24 
252 240 24 
252 241 24 
252 242 24 
253 243 24 
253 244 24 
253 245 24 
253 246 24 
254 247 24 
254 248 24 
254 249 24 
254 250 24 
255 251 24 
256 251 24 
257 251 24 
258 252 24 
259 252 24 
260 252 24 
261 252 24 
V
Segmentation 3
269 269 24 
270 268 24 
271 267 24 
272 266 24 
272 265 24 
272 264 24 
272 263 24 
272 262 24 
272 261 24 
271 260 24 
270 259 24 
269 259 24 
268 258 24 
268 257 24 
267 256 24 
267 255 24 
266 254 24 
265 253 24 
264 253 24 
263 253 24 
262 253 24 
261 254 24 
260 255 24 
259 256 24 
259 257 24 
259 258 24 
259 259 24 
260 260 24 
261 261 24 
262 262 24 
262 263 24 
262 264 24 
262 265 24 
262 266 24 
263 267 24 
264 267 24 
265 268 24 
266 268 24 
267 269 24 
268 269 24 
269 269 24 
V
Segmentation 4
244 299 24 
245 298 24 
246 298 24 
247 297 24 
247 296 24 
247 295 24 
247 294 24 
248 293 24 
249 292 24 
250 292 24 
251 291 24 
252 290 24 
253 289 24 
253 288 24 
253 287 24 
253 286 24 
253 285 24 
253 284 24 
252 283 24 
251 283 24 
250 283 24 
249 283 24 
248 283 24 
247 284 24 
246 285 24 
245 286 24 
245 287 24 
245 288 24 
244 289 24 
243 289 24 
242 289 24 
241 289 24 
240 289 24 
239 290 24 
238 291 24 
238 292 24 
238 293 24 
238 294 24 
238 295 24 
238 296 24 
239 297 24 
240 298 24 
241 298 24 
242 299 24 
243 299 24 
244 299 24 
V
Segmentation 0
202 244 25 
203 243 25 
204 243 25 
205 242 25 
205 241 25 
205 240 25 
205 239 25 
205 238 25 
204 237 25 
203 236 25 
202 236 25 
201 236 25 
200 236 25 
199 237 25 
198 238 25 
197 239 25 
197 240 25 
197 241 25 
197 242 25 
197 243 25 
198 244 25 
199 244 25 
200 244 25 
201 244 25 
202 244 25 
V
Segmentation 1
195 271 25 
196 270 25 
197 269 25 
198 268 25 
199 267 25 
200 267 25 
201 267 25 
202 267 25 
203 267 25 
204 266 25 
205 265 25 
206 264 25 
206 263 25 
206 262 25 
206 261 25 
205 260 25 
204 259 25 
203 258 25 
202 257 25 
201 257 25 
200 257 25 
199 257 25 
198 257 25 
197 258 25 
196 259 25 
195 260 25 
194 261 25 
193 262 25 
192 263 25 
192 264 25 
192 265 25 
192 266 25 
192 267 25 
193 268 25 
194 269 25 
194 270 25 
195 271 25 
V
Segmentation 0
213 238 26 
214 237 26 
215 237 26 
216 236 26 
217 235 26 
217 234 26 
217 233 26 
217 232 26 
217 231 26 
217 230 26 
217 229 26 
216 228 26 
215 228 26 
214 228 26 
213 228 26 
212 227 26 
211 227 26 
211 226 26 
211 225 26 
210 224 26 
210 223 26 
209 222 26 
209 221 26 
208 220 26 
207 219 26 
206 219 26 
205 219 26 
204 220 26 
203 220 26 
202 221 26 
202 222 26 
203 223 26 
203 224 26 
203 225 26 
203 226 26 
202 227 26 
201 228 26 
200 229 26 
200 230 26 
200 231 26 
200 232 26 
200 233 26 
200 234 26 
200 235 26 
201 236 26 
202 236 26 
203 237 26 
204 237 26 
205 236 26 
206 236 26 
207 236 26 
208 235 26 
209 236 26 
210 236 26 
211 237 26 
212 237 26 
213 238 26 
V
