Segmentation 0
244 354 5 
245 353 5 
245 352 5 
245 351 5 
245 350 5 
245 349 5 
245 348 5 
246 348 5 
247 347 5 
248 347 5 
249 346 5 
249 345 5 
249 344 5 
249 343 5 
248 342 5 
248 341 5 
248 340 5 
247 339 5 
247 338 5 
246 337 5 
245 338 5 
244 338 5 
243 339 5 
242 339 5 
241 340 5 
240 341 5 
240 342 5 
240 343 5 
240 344 5 
240 345 5 
239 346 5 
240 347 5 
241 347 5 
242 347 5 
242 348 5 
241 348 5 
240 348 5 
239 348 5 
238 348 5 
237 348 5 
236 348 5 
235 348 5 
234 349 5 
233 350 5 
233 351 5 
233 352 5 
233 353 5 
234 354 5 
235 354 5 
236 354 5 
237 354 5 
238 354 5 
239 354 5 
240 354 5 
241 354 5 
242 354 5 
243 354 5 
244 354 5 
V
Segmentation 0
255 420 15 
256 419 15 
257 418 15 
258 417 15 
259 416 15 
259 415 15 
259 414 15 
259 413 15 
259 412 15 
258 411 15 
257 410 15 
257 409 15 
256 408 15 
255 407 15 
254 406 15 
253 405 15 
252 405 15 
251 404 15 
250 403 15 
249 402 15 
248 402 15 
247 402 15 
246 402 15 
245 401 15 
244 401 15 
243 401 15 
242 402 15 
241 402 15 
240 402 15 
239 403 15 
238 404 15 
238 405 15 
238 406 15 
238 407 15 
238 408 15 
238 409 15 
239 410 15 
240 410 15 
241 411 15 
242 411 15 
243 412 15 
244 412 15 
245 411 15 
246 411 15 
247 411 15 
248 412 15 
249 412 15 
250 413 15 
250 414 15 
250 415 15 
251 416 15 
251 417 15 
252 418 15 
253 419 15 
254 419 15 
255 420 15 
V
Segmentation 0
269 204 16 
270 203 16 
271 202 16 
271 201 16 
270 200 16 
271 199 16 
271 198 16 
271 197 16 
270 196 16 
270 195 16 
270 194 16 
271 193 16 
271 192 16 
271 191 16 
271 190 16 
270 189 16 
270 188 16 
269 187 16 
268 187 16 
267 187 16 
266 187 16 
265 187 16 
264 187 16 
263 187 16 
262 187 16 
261 187 16 
260 186 16 
259 185 16 
258 185 16 
257 185 16 
256 185 16 
255 184 16 
255 183 16 
255 182 16 
254 181 16 
253 180 16 
252 179 16 
251 179 16 
250 180 16 
249 180 16 
248 180 16 
247 181 16 
246 182 16 
246 183 16 
246 184 16 
245 185 16 
245 186 16 
245 187 16 
246 188 16 
246 189 16 
247 190 16 
246 191 16 
246 192 16 
245 193 16 
245 194 16 
244 195 16 
245 196 16 
245 197 16 
245 198 16 
245 199 16 
246 200 16 
247 201 16 
248 201 16 
249 201 16 
250 200 16 
251 199 16 
252 200 16 
253 201 16 
254 200 16 
254 199 16 
254 198 16 
255 197 16 
255 196 16 
256 196 16 
257 196 16 
258 197 16 
259 198 16 
260 198 16 
260 199 16 
261 200 16 
261 201 16 
261 202 16 
262 203 16 
263 202 16 
264 202 16 
265 202 16 
266 203 16 
267 204 16 
268 204 16 
269 204 16 
V
Segmentation 1
180 197 16 
181 196 16 
181 195 16 
182 194 16 
182 193 16 
183 192 16 
183 191 16 
184 190 16 
185 190 16 
186 191 16 
187 191 16 
188 191 16 
189 191 16 
190 191 16 
191 191 16 
192 190 16 
193 189 16 
192 188 16 
192 187 16 
192 186 16 
192 185 16 
191 184 16 
191 183 16 
191 182 16 
190 181 16 
189 181 16 
188 180 16 
187 180 16 
186 181 16 
185 181 16 
184 182 16 
183 183 16 
183 184 16 
182 185 16 
182 186 16 
181 186 16 
180 186 16 
179 186 16 
178 186 16 
177 186 16 
176 186 16 
175 187 16 
174 188 16 
173 189 16 
173 190 16 
174 191 16 
174 192 16 
174 193 16 
174 194 16 
174 195 16 
175 196 16 
176 196 16 
177 197 16 
178 197 16 
179 197 16 
180 197 16 
V
Segmentation 2
176 412 16 
177 411 16 
178 410 16 
178 409 16 
178 408 16 
178 407 16 
179 406 16 
179 405 16 
180 404 16 
179 403 16 
178 403 16 
177 404 16 
176 404 16 
175 404 16 
174 404 16 
173 404 16 
172 404 16 
171 403 16 
170 403 16 
169 403 16 
168 403 16 
167 404 16 
167 405 16 
168 406 16 
169 407 16 
169 408 16 
170 409 16 
171 409 16 
172 410 16 
173 411 16 
174 411 16 
175 412 16 
176 412 16 
V
Segmentation 0
173 204 17 
174 203 17 
174 202 17 
174 201 17 
175 200 17 
175 199 17 
175 198 17 
175 197 17 
175 196 17 
175 195 17 
176 194 17 
176 193 17 
177 193 17 
178 192 17 
178 191 17 
179 190 17 
180 191 17 
181 190 17 
182 189 17 
181 188 17 
182 187 17 
183 187 17 
184 186 17 
185 186 17 
186 186 17 
187 187 17 
188 187 17 
189 186 17 
190 185 17 
190 184 17 
190 183 17 
190 182 17 
190 181 17 
189 180 17 
188 179 17 
189 178 17 
189 177 17 
189 176 17 
189 175 17 
189 174 17 
189 173 17 
188 172 17 
187 172 17 
186 171 17 
185 171 17 
184 171 17 
183 171 17 
182 172 17 
181 173 17 
180 173 17 
179 173 17 
178 173 17 
177 172 17 
176 172 17 
175 172 17 
174 173 17 
173 173 17 
172 174 17 
172 175 17 
172 176 17 
172 177 17 
172 178 17 
172 179 17 
171 179 17 
170 180 17 
169 180 17 
168 180 17 
167 180 17 
166 181 17 
166 182 17 
166 183 17 
166 184 17 
167 185 17 
167 186 17 
167 187 17 
167 188 17 
166 189 17 
165 190 17 
165 191 17 
165 192 17 
165 193 17 
165 194 17 
165 195 17 
165 196 17 
164 197 17 
163 198 17 
163 199 17 
163 200 17 
163 201 17 
163 202 17 
164 203 17 
165 204 17 
166 204 17 
167 204 17 
168 204 17 
169 204 17 
170 204 17 
171 204 17 
172 204 17 
173 204 17 
V
Segmentation 1
267 200 17 
268 199 17 
268 198 17 
269 197 17 
269 196 17 
269 195 17 
269 194 17 
269 193 17 
269 192 17 
269 191 17 
269 190 17 
269 189 17 
270 188 17 
271 187 17 
271 186 17 
271 185 17 
271 184 17 
271 183 17 
271 182 17 
271 181 17 
270 180 17 
269 179 17 
268 179 17 
267 179 17 
266 179 17 
265 180 17 
264 180 17 
263 181 17 
262 181 17 
261 180 17 
260 180 17 
260 179 17 
260 178 17 
260 177 17 
260 176 17 
260 175 17 
260 174 17 
259 173 17 
258 172 17 
257 172 17 
256 172 17 
255 171 17 
254 171 17 
253 172 17 
252 173 17 
252 174 17 
252 175 17 
252 176 17 
252 177 17 
252 178 17 
252 179 17 
251 179 17 
250 180 17 
249 180 17 
248 180 17 
247 181 17 
247 182 17 
247 183 17 
247 184 17 
247 185 17 
247 186 17 
248 187 17 
248 188 17 
248 189 17 
249 190 17 
250 189 17 
251 188 17 
252 188 17 
253 188 17 
254 188 17 
255 188 17 
256 188 17 
257 189 17 
258 189 17 
259 190 17 
259 191 17 
259 192 17 
260 193 17 
261 194 17 
261 195 17 
262 196 17 
262 197 17 
263 198 17 
264 198 17 
265 199 17 
266 200 17 
267 200 17 
V
Segmentation 2
281 199 17 
282 198 17 
283 198 17 
284 197 17 
284 196 17 
284 195 17 
284 194 17 
284 193 17 
284 192 17 
283 191 17 
283 190 17 
282 189 17 
281 188 17 
280 188 17 
279 188 17 
278 188 17 
277 189 17 
276 190 17 
276 191 17 
276 192 17 
275 193 17 
275 194 17 
275 195 17 
275 196 17 
276 197 17 
277 198 17 
278 198 17 
279 199 17 
280 199 17 
281 199 17 
V
Segmentation 3
158 286 17 
159 285 17 
160 284 17 
161 284 17 
162 283 17 
162 282 17 
162 281 17 
161 280 17 
161 279 17 
161 278 17 
160 277 17 
159 277 17 
158 276 17 
157 276 17 
156 277 17 
155 277 17 
154 277 17 
153 278 17 
153 279 17 
153 280 17 
153 281 17 
152 282 17 
152 283 17 
152 284 17 
153 285 17 
154 286 17 
155 286 17 
156 286 17 
157 286 17 
158 286 17 
V
Segmentation 0
169 214 18 
170 213 18 
171 212 18 
172 212 18 
173 211 18 
172 210 18 
171 209 18 
171 208 18 
170 207 18 
170 206 18 
170 205 18 
170 204 18 
170 203 18 
170 202 18 
170 201 18 
171 200 18 
171 199 18 
171 198 18 
172 197 18 
172 196 18 
173 195 18 
173 194 18 
174 193 18 
174 192 18 
175 191 18 
175 190 18 
176 189 18 
177 188 18 
178 188 18 
179 189 18 
180 189 18 
181 189 18 
182 188 18 
183 188 18 
184 189 18 
185 189 18 
186 189 18 
187 189 18 
188 188 18 
189 187 18 
190 186 18 
190 185 18 
190 184 18 
190 183 18 
190 182 18 
190 181 18 
190 180 18 
189 179 18 
189 178 18 
189 177 18 
189 176 18 
189 175 18 
189 174 18 
189 173 18 
189 172 18 
188 171 18 
187 170 18 
186 170 18 
185 170 18 
184 170 18 
183 171 18 
182 171 18 
181 172 18 
180 172 18 
179 171 18 
178 170 18 
177 170 18 
176 170 18 
175 171 18 
174 171 18 
173 172 18 
172 172 18 
171 172 18 
170 171 18 
169 171 18 
168 170 18 
167 171 18 
166 171 18 
165 172 18 
164 173 18 
164 174 18 
164 175 18 
164 176 18 
164 177 18 
164 178 18 
164 179 18 
163 180 18 
162 180 18 
161 181 18 
160 182 18 
160 183 18 
160 184 18 
160 185 18 
160 186 18 
160 187 18 
161 188 18 
162 188 18 
163 189 18 
164 189 18 
164 190 18 
165 191 18 
165 192 18 
165 193 18 
165 194 18 
164 195 18 
163 196 18 
162 196 18 
161 197 18 
161 198 18 
161 199 18 
161 200 18 
161 201 18 
161 202 18 
161 203 18 
162 204 18 
163 205 18 
163 206 18 
163 207 18 
163 208 18 
163 209 18 
163 210 18 
163 211 18 
164 212 18 
165 213 18 
166 213 18 
167 213 18 
168 214 18 
169 214 18 
V
Segmentation 1
275 204 18 
276 203 18 
276 202 18 
276 201 18 
276 200 18 
277 199 18 
277 198 18 
276 197 18 
276 196 18 
275 195 18 
276 194 18 
276 193 18 
277 192 18 
277 191 18 
278 190 18 
278 189 18 
279 188 18 
279 187 18 
279 186 18 
279 185 18 
279 184 18 
279 183 18 
279 182 18 
279 181 18 
278 180 18 
277 179 18 
276 179 18 
276 178 18 
275 177 18 
275 176 18 
275 175 18 
274 174 18 
273 173 18 
272 173 18 
271 173 18 
270 173 18 
269 174 18 
268 174 18 
267 174 18 
266 173 18 
265 172 18 
264 172 18 
263 172 18 
262 172 18 
261 173 18 
260 173 18 
259 173 18 
258 173 18 
257 172 18 
256 172 18 
255 172 18 
254 172 18 
253 173 18 
252 173 18 
251 174 18 
251 175 18 
251 176 18 
251 177 18 
251 178 18 
250 179 18 
249 180 18 
248 181 18 
247 181 18 
246 180 18 
245 180 18 
244 180 18 
243 180 18 
242 180 18 
241 181 18 
240 182 18 
239 183 18 
239 184 18 
239 185 18 
239 186 18 
240 187 18 
241 188 18 
242 188 18 
243 189 18 
244 190 18 
245 191 18 
246 190 18 
247 190 18 
248 189 18 
249 188 18 
250 188 18 
251 187 18 
252 187 18 
253 186 18 
254 186 18 
255 186 18 
256 186 18 
257 187 18 
258 187 18 
257 188 18 
257 189 18 
258 190 18 
258 191 18 
258 192 18 
258 193 18 
259 194 18 
260 195 18 
261 196 18 
262 197 18 
263 198 18 
264 198 18 
265 197 18 
265 198 18 
265 199 18 
266 200 18 
266 201 18 
266 202 18 
266 203 18 
267 204 18 
268 204 18 
269 204 18 
270 204 18 
271 204 18 
272 204 18 
273 204 18 
274 204 18 
275 204 18 
V
Segmentation 2
153 294 18 
154 293 18 
155 293 18 
156 292 18 
157 291 18 
157 290 18 
157 289 18 
156 288 18 
155 287 18 
154 287 18 
153 287 18 
152 286 18 
151 286 18 
150 286 18 
149 287 18 
148 287 18 
147 288 18 
147 289 18 
147 290 18 
148 291 18 
149 292 18 
150 293 18 
151 293 18 
152 293 18 
153 294 18 
V
Segmentation 3
285 333 18 
286 332 18 
287 331 18 
287 330 18 
287 329 18 
287 328 18 
287 327 18 
287 326 18 
287 325 18 
287 324 18 
286 323 18 
285 322 18 
284 321 18 
284 320 18 
284 319 18 
284 318 18 
284 317 18 
284 316 18 
283 315 18 
282 315 18 
281 314 18 
280 314 18 
279 313 18 
279 312 18 
279 311 18 
279 310 18 
279 309 18 
279 308 18 
278 307 18 
277 307 18 
276 306 18 
275 305 18 
276 304 18 
276 303 18 
277 302 18 
277 301 18 
277 300 18 
278 299 18 
278 298 18 
277 297 18 
276 297 18 
275 296 18 
274 296 18 
273 296 18 
272 296 18 
271 296 18 
271 295 18 
270 294 18 
270 293 18 
270 292 18 
269 291 18 
268 290 18 
267 290 18 
266 291 18 
265 291 18 
264 291 18 
263 291 18 
262 292 18 
261 293 18 
261 294 18 
261 295 18 
260 296 18 
259 296 18 
258 297 18 
257 297 18 
256 297 18 
255 297 18 
254 298 18 
254 299 18 
253 300 18 
253 301 18 
253 302 18 
254 303 18 
255 304 18 
256 305 18 
257 305 18 
258 305 18 
259 305 18 
260 305 18 
261 306 18 
262 306 18 
263 307 18 
264 307 18 
265 308 18 
266 309 18 
267 310 18 
268 310 18 
269 311 18 
269 312 18 
270 313 18 
271 314 18 
272 315 18 
273 316 18 
274 317 18 
274 318 18 
275 319 18 
276 320 18 
276 321 18 
277 322 18 
277 323 18 
278 324 18 
279 325 18 
279 326 18 
279 327 18 
280 328 18 
280 329 18 
281 330 18 
281 331 18 
281 332 18 
282 333 18 
283 333 18 
284 333 18 
285 333 18 
V
Segmentation 0
165 219 19 
166 218 19 
167 218 19 
168 218 19 
169 217 19 
170 216 19 
171 215 19 
171 214 19 
172 214 19 
173 213 19 
173 212 19 
173 211 19 
173 210 19 
173 209 19 
173 208 19 
173 207 19 
173 206 19 
172 205 19 
171 204 19 
170 205 19 
170 204 19 
170 203 19 
170 202 19 
170 201 19 
171 200 19 
171 199 19 
172 198 19 
172 197 19 
173 196 19 
174 195 19 
174 194 19 
175 193 19 
176 192 19 
176 191 19 
177 190 19 
178 189 19 
179 188 19 
180 187 19 
181 187 19 
182 187 19 
183 186 19 
183 185 19 
184 184 19 
184 183 19 
183 182 19 
182 181 19 
182 180 19 
182 179 19 
182 178 19 
181 177 19 
181 176 19 
181 175 19 
180 174 19 
180 173 19 
179 172 19 
178 172 19 
177 172 19 
176 172 19 
175 173 19 
174 173 19 
173 174 19 
172 173 19 
171 173 19 
170 172 19 
169 172 19 
168 172 19 
167 172 19 
166 173 19 
165 173 19 
164 174 19 
164 175 19 
164 176 19 
164 177 19 
164 178 19 
164 179 19 
163 180 19 
162 180 19 
161 181 19 
160 182 19 
160 183 19 
160 184 19 
160 185 19 
160 186 19 
159 187 19 
158 188 19 
157 188 19 
156 189 19 
156 190 19 
156 191 19 
156 192 19 
156 193 19 
156 194 19 
155 195 19 
154 195 19 
153 196 19 
152 197 19 
152 198 19 
152 199 19 
152 200 19 
152 201 19 
152 202 19 
153 203 19 
154 204 19 
155 204 19 
156 205 19 
156 206 19 
156 207 19 
156 208 19 
156 209 19 
156 210 19 
155 211 19 
156 212 19 
157 212 19 
158 213 19 
159 213 19 
160 214 19 
160 215 19 
161 216 19 
162 217 19 
163 218 19 
164 219 19 
165 219 19 
V
Segmentation 1
272 201 19 
273 200 19 
273 199 19 
273 198 19 
274 197 19 
275 196 19 
275 195 19 
276 195 19 
277 195 19 
278 196 19 
279 196 19 
280 197 19 
281 197 19 
281 198 19 
281 199 19 
282 200 19 
283 200 19 
284 199 19 
285 199 19 
286 199 19 
287 199 19 
288 199 19 
289 199 19 
290 199 19 
291 198 19 
292 198 19 
293 197 19 
293 196 19 
292 195 19 
292 194 19 
291 193 19 
291 192 19 
291 191 19 
291 190 19 
292 189 19 
291 188 19 
290 187 19 
289 186 19 
288 186 19 
287 185 19 
286 184 19 
285 185 19 
284 186 19 
283 187 19 
282 188 19 
281 189 19 
280 188 19 
279 187 19 
278 186 19 
278 185 19 
278 184 19 
278 183 19 
278 182 19 
277 181 19 
276 181 19 
275 181 19 
274 181 19 
273 180 19 
272 180 19 
271 181 19 
270 182 19 
269 182 19 
268 182 19 
267 181 19 
267 180 19 
268 179 19 
268 178 19 
267 177 19 
268 176 19 
268 175 19 
267 174 19 
266 173 19 
265 172 19 
264 172 19 
263 172 19 
262 172 19 
261 173 19 
260 173 19 
259 174 19 
259 175 19 
259 176 19 
259 177 19 
259 178 19 
258 179 19 
257 180 19 
256 180 19 
255 180 19 
254 181 19 
253 182 19 
253 183 19 
253 184 19 
254 185 19 
254 186 19 
254 187 19 
255 188 19 
256 189 19 
257 189 19 
258 189 19 
259 189 19 
260 190 19 
261 190 19 
262 191 19 
263 192 19 
264 193 19 
265 193 19 
265 194 19 
266 195 19 
267 196 19 
267 197 19 
267 198 19 
268 199 19 
268 200 19 
269 201 19 
270 201 19 
271 201 19 
272 201 19 
V
Segmentation 2
267 302 19 
268 301 19 
269 300 19 
270 299 19 
270 298 19 
270 297 19 
270 296 19 
270 295 19 
270 294 19 
270 293 19 
269 292 19 
270 291 19 
269 290 19 
269 289 19 
269 288 19 
269 287 19 
268 286 19 
268 285 19 
267 284 19 
266 284 19 
265 284 19 
264 284 19 
263 284 19 
262 285 19 
261 285 19 
260 286 19 
259 286 19 
258 287 19 
259 288 19 
259 289 19 
259 290 19 
259 291 19 
259 292 19 
260 293 19 
260 294 19 
260 295 19 
261 296 19 
261 297 19 
262 298 19 
262 299 19 
263 300 19 
264 301 19 
265 302 19 
266 302 19 
267 302 19 
V
Segmentation 3
280 359 19 
281 358 19 
282 357 19 
282 356 19 
283 355 19 
284 355 19 
285 355 19 
286 356 19 
287 356 19 
288 357 19 
289 356 19 
290 355 19 
291 354 19 
291 353 19 
290 352 19 
290 351 19 
290 350 19 
290 349 19 
291 348 19 
290 347 19 
289 346 19 
288 346 19 
287 346 19 
286 345 19 
286 344 19 
286 343 19 
286 342 19 
286 341 19 
287 340 19 
288 339 19 
289 338 19 
290 338 19 
291 337 19 
291 336 19 
291 335 19 
291 334 19 
290 333 19 
289 332 19 
288 332 19 
287 331 19 
286 331 19 
286 330 19 
286 329 19 
285 328 19 
285 327 19 
285 326 19 
285 325 19 
286 325 19 
287 325 19 
288 324 19 
289 324 19 
290 323 19 
290 322 19 
291 321 19 
291 320 19 
290 319 19 
290 318 19 
290 317 19 
290 316 19 
289 315 19 
288 315 19 
287 314 19 
286 314 19 
285 315 19 
284 315 19 
283 316 19 
282 316 19 
281 316 19 
280 317 19 
279 316 19 
279 315 19 
279 314 19 
279 313 19 
279 312 19 
279 311 19 
279 310 19 
279 309 19 
279 308 19 
278 307 19 
277 307 19 
276 306 19 
275 306 19 
274 306 19 
273 307 19 
272 307 19 
271 308 19 
270 309 19 
270 310 19 
270 311 19 
271 312 19 
271 313 19 
272 314 19 
273 315 19 
273 316 19 
274 317 19 
275 317 19 
275 318 19 
276 319 19 
276 320 19 
277 321 19 
277 322 19 
278 323 19 
278 324 19 
278 325 19 
279 326 19 
279 327 19 
279 328 19 
279 329 19 
279 330 19 
279 331 19 
279 332 19 
279 333 19 
279 334 19 
279 335 19 
279 336 19 
279 337 19 
279 338 19 
279 339 19 
279 340 19 
278 341 19 
278 342 19 
278 343 19 
278 344 19 
278 345 19 
277 346 19 
276 346 19 
275 346 19 
274 347 19 
273 348 19 
272 349 19 
271 350 19 
270 351 19 
269 352 19 
269 353 19 
270 354 19 
271 355 19 
272 356 19 
273 355 19 
273 356 19 
274 357 19 
275 357 19 
276 358 19 
277 358 19 
278 359 19 
279 359 19 
280 359 19 
V
Segmentation 4
170 387 19 
171 386 19 
172 385 19 
172 384 19 
172 383 19 
172 382 19 
172 381 19 
172 380 19 
172 379 19 
172 378 19 
171 377 19 
170 377 19 
169 377 19 
169 376 19 
168 375 19 
168 374 19 
168 373 19 
168 372 19 
168 371 19 
167 370 19 
166 369 19 
165 369 19 
164 369 19 
164 368 19 
163 367 19 
163 366 19 
162 365 19 
163 364 19 
163 363 19 
164 362 19 
163 361 19 
162 360 19 
161 360 19 
160 359 19 
159 359 19 
158 359 19 
157 358 19 
156 358 19 
155 358 19 
154 357 19 
153 356 19 
152 355 19 
151 354 19 
150 353 19 
149 353 19 
148 354 19 
147 354 19 
146 355 19 
145 355 19 
144 356 19 
144 357 19 
144 358 19 
144 359 19 
144 360 19 
143 361 19 
142 361 19 
141 362 19 
140 363 19 
140 364 19 
140 365 19 
140 366 19 
140 367 19 
140 368 19 
140 369 19 
141 370 19 
142 370 19 
143 371 19 
144 372 19 
144 373 19 
144 374 19 
145 375 19 
144 376 19 
145 377 19 
146 378 19 
147 378 19 
148 379 19 
149 379 19 
150 379 19 
151 378 19 
152 378 19 
153 378 19 
154 378 19 
155 378 19 
156 377 19 
157 376 19 
158 376 19 
159 376 19 
160 377 19 
161 378 19 
162 378 19 
163 379 19 
163 380 19 
163 381 19 
163 382 19 
163 383 19 
163 384 19 
164 385 19 
165 386 19 
166 386 19 
167 386 19 
168 387 19 
169 387 19 
170 387 19 
V
Segmentation 5
173 364 19 
174 363 19 
175 363 19 
176 362 19 
177 361 19 
177 360 19 
177 359 19 
177 358 19 
177 357 19 
177 356 19 
176 355 19 
175 354 19 
174 355 19 
173 355 19 
172 356 19 
171 356 19 
170 357 19 
169 358 19 
168 359 19 
167 360 19 
168 361 19 
169 362 19 
170 363 19 
171 364 19 
172 364 19 
173 364 19 
V
Segmentation 0
152 234 20 
153 233 20 
154 232 20 
155 231 20 
155 230 20 
155 229 20 
156 229 20 
157 228 20 
158 228 20 
159 229 20 
160 229 20 
161 230 20 
162 230 20 
163 230 20 
164 230 20 
165 229 20 
166 229 20 
167 229 20 
168 228 20 
168 227 20 
168 226 20 
168 225 20 
168 224 20 
168 223 20 
168 222 20 
169 221 20 
169 220 20 
169 219 20 
169 218 20 
169 217 20 
169 216 20 
169 215 20 
169 214 20 
169 213 20 
170 212 20 
170 211 20 
170 210 20 
170 209 20 
171 208 20 
171 207 20 
171 206 20 
172 205 20 
172 204 20 
173 203 20 
173 202 20 
174 201 20 
174 200 20 
175 199 20 
175 198 20 
176 197 20 
177 196 20 
178 195 20 
179 195 20 
180 194 20 
181 193 20 
182 193 20 
183 192 20 
184 191 20 
184 190 20 
184 189 20 
184 188 20 
184 187 20 
184 186 20 
184 185 20 
184 184 20 
184 183 20 
184 182 20 
183 181 20 
182 180 20 
181 180 20 
180 180 20 
179 180 20 
178 181 20 
177 181 20 
176 180 20 
175 180 20 
174 179 20 
173 179 20 
172 180 20 
171 180 20 
170 181 20 
169 181 20 
168 181 20 
167 181 20 
166 180 20 
165 180 20 
164 180 20 
163 181 20 
162 181 20 
161 182 20 
160 183 20 
160 184 20 
160 185 20 
160 186 20 
160 187 20 
159 188 20 
158 188 20 
157 189 20 
156 190 20 
156 191 20 
156 192 20 
156 193 20 
156 194 20 
156 195 20 
155 196 20 
154 196 20 
153 197 20 
152 198 20 
152 199 20 
152 200 20 
151 201 20 
151 202 20 
151 203 20 
151 204 20 
152 205 20 
153 205 20 
154 206 20 
155 206 20 
155 207 20 
155 208 20 
155 209 20 
155 210 20 
155 211 20 
155 212 20 
156 213 20 
157 213 20 
158 214 20 
159 214 20 
160 215 20 
160 216 20 
160 217 20 
160 218 20 
160 219 20 
160 220 20 
159 221 20 
158 222 20 
157 222 20 
156 221 20 
155 221 20 
154 220 20 
153 220 20 
152 220 20 
151 221 20 
150 222 20 
149 223 20 
148 223 20 
147 223 20 
146 223 20 
145 224 20 
144 225 20 
143 225 20 
142 226 20 
141 227 20 
140 228 20 
141 229 20 
142 229 20 
143 230 20 
144 231 20 
145 231 20 
146 232 20 
147 232 20 
147 233 20 
148 234 20 
149 234 20 
150 234 20 
151 234 20 
152 234 20 
V
Segmentation 1
275 237 20 
276 236 20 
277 235 20 
278 234 20 
278 233 20 
278 232 20 
278 231 20 
278 230 20 
278 229 20 
278 228 20 
279 228 20 
280 227 20 
281 226 20 
282 225 20 
282 224 20 
282 223 20 
282 222 20 
282 221 20 
282 220 20 
281 219 20 
280 218 20 
279 218 20 
278 218 20 
278 217 20 
278 216 20 
278 215 20 
279 214 20 
279 213 20 
278 212 20 
277 211 20 
276 211 20 
276 210 20 
276 209 20 
276 208 20 
275 207 20 
275 206 20 
275 205 20 
276 205 20 
277 205 20 
278 204 20 
279 204 20 
280 203 20 
280 202 20 
280 201 20 
281 200 20 
281 199 20 
280 198 20 
280 197 20 
279 196 20 
278 196 20 
277 195 20 
276 195 20 
276 194 20 
277 193 20 
277 192 20 
277 191 20 
277 190 20 
277 189 20 
276 188 20 
275 187 20 
274 187 20 
273 186 20 
272 186 20 
271 187 20 
270 187 20 
269 188 20 
268 188 20 
267 188 20 
266 188 20 
265 188 20 
264 188 20 
263 189 20 
262 189 20 
261 190 20 
260 191 20 
260 192 20 
260 193 20 
260 194 20 
260 195 20 
260 196 20 
261 197 20 
262 198 20 
263 199 20 
264 200 20 
264 201 20 
265 202 20 
266 203 20 
266 204 20 
267 205 20 
267 206 20 
268 207 20 
269 208 20 
269 209 20 
270 210 20 
270 211 20 
271 212 20 
271 213 20 
271 214 20 
271 215 20 
272 216 20 
272 217 20 
272 218 20 
271 219 20 
271 220 20 
270 221 20 
270 222 20 
270 223 20 
270 224 20 
270 225 20 
270 226 20 
270 227 20 
270 228 20 
270 229 20 
270 230 20 
270 231 20 
269 232 20 
269 233 20 
269 234 20 
269 235 20 
269 236 20 
270 237 20 
271 237 20 
272 237 20 
273 237 20 
274 237 20 
275 237 20 
V
Segmentation 2
300 204 20 
301 203 20 
302 203 20 
303 202 20 
303 201 20 
304 200 20 
305 199 20 
306 198 20 
305 197 20 
304 196 20 
303 195 20 
302 195 20 
301 195 20 
300 195 20 
299 195 20 
298 195 20 
297 196 20 
296 196 20 
295 196 20 
294 197 20 
293 198 20 
292 199 20 
292 200 20 
292 201 20 
292 202 20 
293 203 20 
294 204 20 
295 203 20 
296 203 20 
297 203 20 
298 204 20 
299 204 20 
300 204 20 
V
Segmentation 3
148 255 20 
149 254 20 
150 254 20 
151 253 20 
152 252 20 
153 251 20 
153 250 20 
154 249 20 
154 248 20 
154 247 20 
154 246 20 
154 245 20 
154 244 20 
153 243 20 
152 243 20 
151 242 20 
150 242 20 
149 242 20 
149 241 20 
148 240 20 
148 239 20 
148 238 20 
148 237 20 
147 236 20 
146 236 20 
145 236 20 
144 236 20 
143 236 20 
142 237 20 
141 237 20 
140 238 20 
140 239 20 
140 240 20 
140 241 20 
140 242 20 
141 243 20 
142 244 20 
143 244 20 
144 244 20 
145 245 20 
145 246 20 
144 247 20 
144 248 20 
144 249 20 
144 250 20 
145 251 20 
145 252 20 
146 253 20 
147 254 20 
148 255 20 
V
Segmentation 4
293 270 20 
294 269 20 
295 268 20 
296 268 20 
297 268 20 
298 268 20 
299 267 20 
300 266 20 
300 265 20 
300 264 20 
301 263 20 
302 262 20 
303 262 20 
304 262 20 
305 261 20 
306 260 20 
306 259 20 
305 258 20 
305 257 20 
305 256 20 
304 255 20 
303 255 20 
302 255 20 
301 255 20 
300 254 20 
299 254 20 
298 254 20 
297 255 20 
296 256 20 
296 257 20 
296 258 20 
296 259 20 
295 259 20 
294 259 20 
293 260 20 
292 261 20 
291 262 20 
291 263 20 
291 264 20 
291 265 20 
291 266 20 
291 267 20 
291 268 20 
291 269 20 
292 270 20 
293 270 20 
V
Segmentation 5
296 311 20 
297 310 20 
297 309 20 
298 308 20 
299 308 20 
300 307 20 
300 306 20 
300 305 20 
300 304 20 
299 303 20 
300 302 20 
301 301 20 
301 300 20 
302 300 20 
303 300 20 
304 300 20 
305 300 20 
306 301 20 
307 302 20 
308 303 20 
308 304 20 
309 305 20 
310 305 20 
311 305 20 
312 306 20 
313 306 20 
314 305 20 
315 304 20 
315 303 20 
316 302 20 
316 301 20 
316 300 20 
315 299 20 
314 298 20 
314 297 20 
313 296 20 
312 296 20 
311 296 20 
310 295 20 
309 295 20 
309 294 20 
309 293 20 
309 292 20 
308 291 20 
307 290 20 
306 290 20 
305 290 20 
304 290 20 
303 290 20 
302 290 20 
301 290 20 
300 290 20 
300 289 20 
300 288 20 
300 287 20 
300 286 20 
300 285 20 
300 284 20 
300 283 20 
299 282 20 
298 281 20 
297 280 20 
296 281 20 
295 281 20 
294 281 20 
293 282 20 
292 283 20 
291 284 20 
290 285 20 
291 286 20 
291 287 20 
291 288 20 
292 289 20 
292 290 20 
292 291 20 
291 291 20 
290 291 20 
289 291 20 
288 291 20 
287 291 20 
286 291 20 
285 292 20 
284 293 20 
284 294 20 
284 295 20 
284 296 20 
285 297 20 
285 298 20 
286 299 20 
287 300 20 
288 300 20 
289 300 20 
290 300 20 
291 300 20 
291 301 20 
291 302 20 
291 303 20 
291 304 20 
291 305 20 
290 306 20 
290 307 20 
291 308 20 
292 309 20 
293 309 20 
294 309 20 
295 310 20 
296 311 20 
V
Segmentation 6
274 318 20 
275 317 20 
276 317 20 
277 317 20 
278 317 20 
279 317 20 
280 316 20 
280 315 20 
280 314 20 
280 313 20 
280 312 20 
281 311 20 
280 310 20 
279 309 20 
278 308 20 
277 308 20 
276 307 20 
276 306 20 
276 305 20 
277 304 20 
277 303 20 
277 302 20 
277 301 20 
277 300 20 
277 299 20 
278 298 20 
278 297 20 
278 296 20 
279 295 20 
278 294 20 
277 293 20 
277 292 20 
276 291 20 
275 290 20 
274 290 20 
273 290 20 
272 290 20 
271 291 20 
270 291 20 
269 291 20 
268 292 20 
268 293 20 
268 294 20 
268 295 20 
268 296 20 
268 297 20 
268 298 20 
268 299 20 
268 300 20 
269 301 20 
269 302 20 
269 303 20 
269 304 20 
270 305 20 
270 306 20 
270 307 20 
270 308 20 
270 309 20 
270 310 20 
271 311 20 
271 312 20 
271 313 20 
272 314 20 
272 315 20 
272 316 20 
273 317 20 
274 318 20 
V
Segmentation 7
144 340 20 
145 339 20 
146 339 20 
147 339 20 
148 339 20 
149 338 20 
149 337 20 
149 336 20 
149 335 20 
149 334 20 
150 333 20 
150 332 20 
151 332 20 
152 331 20 
153 331 20 
154 330 20 
155 329 20 
155 328 20 
155 327 20 
155 326 20 
155 325 20 
155 324 20 
155 323 20 
155 322 20 
156 321 20 
156 320 20 
156 319 20 
156 318 20 
156 317 20 
157 316 20 
157 315 20 
158 314 20 
158 313 20 
158 312 20 
159 311 20 
159 310 20 
159 309 20 
160 308 20 
160 307 20 
161 306 20 
162 305 20 
163 304 20 
163 303 20 
164 302 20 
164 301 20 
163 300 20 
162 300 20 
161 299 20 
160 298 20 
159 298 20 
158 299 20 
157 299 20 
156 299 20 
155 300 20 
155 301 20 
155 302 20 
155 303 20 
155 304 20 
155 305 20 
155 306 20 
154 307 20 
153 307 20 
152 307 20 
151 307 20 
150 307 20 
149 306 20 
148 306 20 
147 306 20 
146 306 20 
145 307 20 
144 307 20 
143 308 20 
143 309 20 
143 310 20 
143 311 20 
143 312 20 
143 313 20 
143 314 20 
142 315 20 
141 315 20 
140 316 20 
139 317 20 
139 318 20 
139 319 20 
139 320 20 
139 321 20 
139 322 20 
138 323 20 
137 324 20 
136 325 20 
136 326 20 
136 327 20 
137 328 20 
137 329 20 
137 330 20 
138 331 20 
139 331 20 
140 332 20 
140 333 20 
141 334 20 
141 335 20 
140 336 20 
141 337 20 
141 338 20 
142 339 20 
143 339 20 
144 340 20 
V
Segmentation 8
131 352 20 
132 351 20 
133 350 20 
134 349 20 
134 348 20 
135 347 20 
135 346 20 
136 345 20 
137 344 20 
137 343 20 
137 342 20 
137 341 20 
137 340 20 
137 339 20 
136 338 20 
135 337 20 
134 336 20 
133 336 20 
132 336 20 
131 337 20 
130 338 20 
129 339 20 
129 340 20 
129 341 20 
129 342 20 
129 343 20 
128 343 20 
127 344 20 
126 345 20 
125 345 20 
124 345 20 
123 346 20 
124 347 20 
124 348 20 
125 349 20 
126 349 20 
127 350 20 
127 351 20 
128 352 20 
129 352 20 
130 352 20 
131 352 20 
V
Segmentation 9
253 362 20 
254 361 20 
255 361 20 
256 360 20 
256 359 20 
256 358 20 
256 357 20 
257 356 20 
256 355 20 
255 355 20 
254 355 20 
253 354 20 
252 354 20 
251 354 20 
250 354 20 
249 355 20 
249 356 20 
249 357 20 
249 358 20 
250 359 20 
251 360 20 
251 361 20 
252 362 20 
253 362 20 
V
Segmentation 0
161 340 21 
162 339 21 
163 339 21 
164 338 21 
165 338 21 
166 337 21 
166 336 21 
166 335 21 
165 334 21 
165 333 21 
165 332 21 
164 331 21 
164 330 21 
164 329 21 
164 328 21 
163 327 21 
163 326 21 
163 325 21 
163 324 21 
163 323 21 
163 322 21 
163 321 21 
163 320 21 
163 319 21 
163 318 21 
162 317 21 
162 316 21 
162 315 21 
162 314 21 
162 313 21 
162 312 21 
162 311 21 
162 310 21 
162 309 21 
162 308 21 
163 307 21 
164 306 21 
164 305 21 
165 305 21 
166 304 21 
167 303 21 
168 302 21 
169 301 21 
169 300 21 
168 299 21 
167 298 21 
166 298 21 
167 298 21 
168 297 21 
168 296 21 
169 295 21 
169 294 21 
168 293 21 
168 292 21 
168 291 21 
168 290 21 
168 289 21 
168 288 21 
169 287 21 
169 286 21 
170 285 21 
171 284 21 
172 283 21 
172 282 21 
172 281 21 
172 280 21 
172 279 21 
172 278 21 
172 277 21 
172 276 21 
173 275 21 
173 274 21 
173 273 21 
173 272 21 
173 271 21 
173 270 21 
173 269 21 
172 268 21 
172 267 21 
172 266 21 
172 265 21 
172 264 21 
172 263 21 
172 262 21 
172 261 21 
173 260 21 
174 259 21 
174 258 21 
174 257 21 
174 256 21 
174 255 21 
174 254 21 
174 253 21 
174 252 21 
174 251 21 
174 250 21 
174 249 21 
174 248 21 
174 247 21 
174 246 21 
175 247 21 
176 246 21 
177 245 21 
177 244 21 
176 243 21 
176 242 21 
176 241 21 
176 240 21 
176 239 21 
175 238 21 
174 237 21 
173 237 21 
173 236 21 
173 235 21 
172 234 21 
171 233 21 
171 232 21 
171 231 21 
170 230 21 
170 229 21 
170 228 21 
170 227 21 
171 226 21 
171 225 21 
172 225 21 
173 224 21 
174 223 21 
174 222 21 
174 221 21 
175 220 21 
174 219 21 
173 218 21 
172 218 21 
172 217 21 
172 216 21 
172 215 21 
172 214 21 
173 213 21 
173 212 21 
174 211 21 
174 210 21 
174 209 21 
175 208 21 
176 207 21 
177 206 21 
177 205 21 
177 204 21 
177 203 21 
177 202 21 
177 201 21 
177 200 21 
177 199 21 
177 198 21 
178 198 21 
179 197 21 
180 197 21 
181 196 21 
181 195 21 
181 194 21 
181 193 21 
181 192 21 
181 191 21 
181 190 21 
180 189 21 
179 188 21 
178 187 21 
177 187 21 
176 187 21 
175 186 21 
174 187 21 
173 188 21 
173 189 21 
172 190 21 
172 191 21 
172 192 21 
172 193 21 
172 194 21 
172 195 21 
172 196 21 
171 197 21 
170 197 21 
169 197 21 
168 197 21 
167 196 21 
166 196 21 
165 195 21 
164 195 21 
163 196 21 
162 197 21 
161 197 21 
160 198 21 
160 199 21 
160 200 21 
160 201 21 
160 202 21 
160 203 21 
159 204 21 
158 204 21 
157 205 21 
157 206 21 
157 207 21 
157 208 21 
157 209 21 
157 210 21 
157 211 21 
158 212 21 
159 213 21 
160 214 21 
160 215 21 
160 216 21 
160 217 21 
160 218 21 
160 219 21 
159 219 21 
158 220 21 
157 221 21 
157 222 21 
157 223 21 
157 224 21 
157 225 21 
157 226 21 
158 227 21 
159 228 21 
160 228 21 
161 229 21 
161 230 21 
161 231 21 
161 232 21 
161 233 21 
160 234 21 
159 235 21 
158 236 21 
157 236 21 
156 236 21 
155 235 21 
154 235 21 
153 234 21 
152 235 21 
151 235 21 
150 236 21 
149 236 21 
148 237 21 
148 238 21 
148 239 21 
148 240 21 
148 241 21 
148 242 21 
148 243 21 
149 244 21 
149 245 21 
149 246 21 
149 247 21 
149 248 21 
149 249 21 
148 250 21 
147 251 21 
147 252 21 
148 253 21 
148 254 21 
149 255 21 
149 256 21 
149 257 21 
150 258 21 
151 259 21 
151 260 21 
151 261 21 
152 262 21 
152 263 21 
152 264 21 
152 265 21 
152 266 21 
153 267 21 
154 267 21 
155 268 21 
156 268 21 
156 269 21 
156 270 21 
156 271 21 
156 272 21 
157 273 21 
156 274 21 
155 274 21 
154 275 21 
153 276 21 
152 276 21 
151 277 21 
151 278 21 
151 279 21 
152 280 21 
152 281 21 
153 282 21 
154 283 21 
155 283 21 
156 283 21 
157 284 21 
158 284 21 
158 285 21 
158 286 21 
158 287 21 
158 288 21 
158 289 21 
158 290 21 
157 290 21 
156 290 21 
155 291 21 
154 291 21 
153 291 21 
152 292 21 
152 293 21 
152 294 21 
152 295 21 
152 296 21 
152 297 21 
152 298 21 
152 299 21 
153 300 21 
154 300 21 
155 300 21 
156 301 21 
157 301 21 
157 302 21 
158 303 21 
158 304 21 
158 305 21 
158 306 21 
157 307 21 
156 307 21 
155 308 21 
154 308 21 
153 309 21 
152 310 21 
152 311 21 
152 312 21 
152 313 21 
152 314 21 
151 315 21 
150 315 21 
149 316 21 
148 316 21 
147 315 21 
146 315 21 
145 314 21 
144 314 21 
143 314 21 
142 314 21 
141 315 21 
140 315 21 
139 316 21 
139 317 21 
139 318 21 
139 319 21 
139 320 21 
139 321 21 
139 322 21 
139 323 21 
140 324 21 
141 325 21 
142 325 21 
143 325 21 
143 326 21 
143 327 21 
143 328 21 
143 329 21 
143 330 21 
143 331 21 
144 332 21 
145 332 21 
146 332 21 
147 332 21 
148 332 21 
149 333 21 
150 333 21 
151 332 21 
152 332 21 
153 332 21 
154 332 21 
155 333 21 
156 333 21 
157 333 21 
158 333 21 
158 334 21 
158 335 21 
158 336 21 
159 337 21 
159 338 21 
159 339 21 
160 340 21 
161 340 21 
V
Segmentation 1
273 309 21 
274 308 21 
275 308 21 
276 308 21 
277 307 21 
277 306 21 
277 305 21 
277 304 21 
277 303 21 
277 302 21 
277 301 21 
277 300 21 
278 299 21 
279 298 21 
279 297 21 
279 296 21 
279 295 21 
279 294 21 
279 293 21 
280 292 21 
281 292 21 
282 291 21 
283 291 21 
284 290 21 
284 289 21 
284 288 21 
284 287 21 
284 286 21 
284 285 21 
284 284 21 
283 283 21 
282 283 21 
281 282 21 
280 282 21 
279 282 21 
278 281 21 
279 280 21 
279 279 21 
279 278 21 
279 277 21 
280 276 21 
281 276 21 
282 276 21 
283 276 21 
284 275 21 
285 274 21 
285 273 21 
285 272 21 
284 271 21 
284 270 21 
284 269 21 
283 268 21 
282 267 21 
281 267 21 
280 267 21 
279 266 21 
278 266 21 
278 265 21 
279 264 21 
279 263 21 
279 262 21 
279 261 21 
279 260 21 
279 259 21 
278 258 21 
278 257 21 
277 256 21 
277 255 21 
277 254 21 
277 253 21 
278 252 21 
278 251 21 
279 250 21 
279 249 21 
278 248 21 
278 247 21 
279 246 21 
279 245 21 
280 245 21 
281 245 21 
282 244 21 
283 244 21 
284 243 21 
284 242 21 
284 241 21 
285 240 21 
285 239 21 
285 238 21 
284 237 21 
284 236 21 
283 235 21 
282 235 21 
281 235 21 
280 235 21 
279 235 21 
278 235 21 
278 234 21 
277 233 21 
277 232 21 
277 231 21 
277 230 21 
277 229 21 
277 228 21 
278 228 21 
279 228 21 
280 228 21 
281 228 21 
282 228 21 
283 227 21 
283 226 21 
284 225 21 
284 224 21 
284 223 21 
284 222 21 
284 221 21 
284 220 21 
283 219 21 
282 219 21 
281 219 21 
280 218 21 
280 217 21 
280 216 21 
279 215 21 
279 214 21 
279 213 21 
278 212 21 
277 212 21 
276 211 21 
275 211 21 
275 210 21 
275 209 21 
275 208 21 
275 207 21 
275 206 21 
275 205 21 
274 204 21 
273 204 21 
272 203 21 
271 203 21 
270 203 21 
270 202 21 
270 201 21 
270 200 21 
270 199 21 
270 198 21 
270 197 21 
271 196 21 
270 195 21 
269 194 21 
268 194 21 
267 194 21 
266 194 21 
265 194 21 
264 194 21 
263 195 21 
262 196 21 
262 197 21 
262 198 21 
262 199 21 
262 200 21 
262 201 21 
261 202 21 
260 203 21 
259 204 21 
259 205 21 
259 206 21 
259 207 21 
260 208 21 
261 208 21 
262 209 21 
263 210 21 
264 211 21 
264 212 21 
265 213 21 
265 214 21 
266 215 21 
266 216 21 
266 217 21 
267 218 21 
267 219 21 
267 220 21 
268 221 21 
268 222 21 
268 223 21 
268 224 21 
268 225 21 
268 226 21 
268 227 21 
268 228 21 
269 229 21 
269 230 21 
269 231 21 
269 232 21 
268 233 21 
268 234 21 
268 235 21 
267 235 21 
266 235 21 
265 235 21 
264 235 21 
263 235 21 
262 235 21 
261 236 21 
261 237 21 
261 238 21 
261 239 21 
261 240 21 
261 241 21 
261 242 21 
261 243 21 
262 244 21 
263 244 21 
264 244 21 
265 244 21 
266 244 21 
267 244 21 
268 244 21 
268 245 21 
268 246 21 
268 247 21 
268 248 21 
268 249 21 
268 250 21 
268 251 21 
268 252 21 
268 253 21 
268 254 21 
268 255 21 
268 256 21 
268 257 21 
268 258 21 
268 259 21 
268 260 21 
267 260 21 
266 260 21 
265 260 21 
264 260 21 
263 261 21 
262 262 21 
262 263 21 
262 264 21 
262 265 21 
262 266 21 
262 267 21 
262 268 21 
262 269 21 
262 270 21 
262 271 21 
262 272 21 
262 273 21 
262 274 21 
262 275 21 
263 276 21 
264 276 21 
265 276 21 
266 276 21 
267 277 21 
268 277 21 
268 278 21 
268 279 21 
268 280 21 
268 281 21 
268 282 21 
267 283 21 
267 284 21 
267 285 21 
267 286 21 
267 287 21 
268 288 21 
268 289 21 
268 290 21 
268 291 21 
269 292 21 
269 293 21 
269 294 21 
269 295 21 
269 296 21 
269 297 21 
269 298 21 
269 299 21 
269 300 21 
269 301 21 
269 302 21 
269 303 21 
269 304 21 
269 305 21 
269 306 21 
269 307 21 
270 308 21 
271 309 21 
272 309 21 
273 309 21 
V
Segmentation 0
167 333 22 
168 332 22 
169 331 22 
170 330 22 
170 329 22 
170 328 22 
170 327 22 
170 326 22 
170 325 22 
171 324 22 
172 324 22 
173 323 22 
173 322 22 
173 321 22 
172 320 22 
172 319 22 
172 318 22 
172 317 22 
171 316 22 
170 315 22 
170 314 22 
169 313 22 
169 312 22 
169 311 22 
169 310 22 
169 309 22 
170 308 22 
170 307 22 
170 306 22 
171 305 22 
171 304 22 
171 303 22 
171 302 22 
171 301 22 
171 300 22 
172 299 22 
172 298 22 
172 297 22 
172 296 22 
173 295 22 
173 294 22 
173 293 22 
172 292 22 
172 291 22 
173 290 22 
173 289 22 
173 288 22 
174 287 22 
174 286 22 
174 285 22 
174 284 22 
175 283 22 
176 282 22 
176 281 22 
176 280 22 
176 279 22 
176 278 22 
176 277 22 
176 276 22 
176 275 22 
177 274 22 
177 273 22 
177 272 22 
177 271 22 
177 270 22 
177 269 22 
177 268 22 
177 267 22 
178 266 22 
178 265 22 
178 264 22 
178 263 22 
179 262 22 
179 261 22 
179 260 22 
179 259 22 
179 258 22 
180 257 22 
180 256 22 
179 255 22 
179 254 22 
179 253 22 
179 252 22 
179 251 22 
179 250 22 
179 249 22 
179 248 22 
179 247 22 
179 246 22 
179 245 22 
179 244 22 
179 243 22 
178 242 22 
178 241 22 
178 240 22 
178 239 22 
179 238 22 
178 237 22 
178 236 22 
178 235 22 
179 234 22 
179 233 22 
179 232 22 
179 231 22 
179 230 22 
180 229 22 
180 228 22 
180 227 22 
180 226 22 
180 225 22 
180 224 22 
180 223 22 
181 222 22 
180 221 22 
179 221 22 
178 221 22 
177 221 22 
176 220 22 
175 220 22 
175 219 22 
176 218 22 
176 217 22 
176 216 22 
176 215 22 
177 214 22 
177 213 22 
176 212 22 
175 211 22 
174 210 22 
173 211 22 
172 211 22 
171 211 22 
170 212 22 
169 212 22 
168 213 22 
167 212 22 
166 212 22 
165 211 22 
164 211 22 
163 211 22 
162 212 22 
161 212 22 
160 213 22 
159 214 22 
159 215 22 
159 216 22 
159 217 22 
159 218 22 
159 219 22 
158 220 22 
157 220 22 
156 221 22 
156 222 22 
156 223 22 
156 224 22 
156 225 22 
156 226 22 
156 227 22 
156 228 22 
155 228 22 
154 229 22 
153 229 22 
152 229 22 
151 228 22 
150 227 22 
149 226 22 
148 226 22 
147 225 22 
146 226 22 
145 226 22 
144 226 22 
143 227 22 
142 228 22 
141 229 22 
142 230 22 
143 230 22 
143 231 22 
143 232 22 
143 233 22 
143 234 22 
143 235 22 
144 236 22 
145 236 22 
146 237 22 
146 238 22 
147 239 22 
147 240 22 
148 241 22 
148 242 22 
148 243 22 
149 244 22 
150 245 22 
151 245 22 
152 245 22 
153 244 22 
154 244 22 
155 243 22 
156 243 22 
157 243 22 
158 244 22 
159 245 22 
160 246 22 
160 247 22 
160 248 22 
160 249 22 
160 250 22 
159 251 22 
158 251 22 
157 252 22 
156 252 22 
155 252 22 
154 251 22 
153 251 22 
152 250 22 
151 251 22 
150 251 22 
149 252 22 
148 253 22 
147 254 22 
147 255 22 
147 256 22 
147 257 22 
147 258 22 
148 259 22 
149 260 22 
150 261 22 
151 261 22 
151 262 22 
151 263 22 
151 264 22 
151 265 22 
152 266 22 
152 267 22 
151 267 22 
150 268 22 
149 269 22 
149 270 22 
149 271 22 
149 272 22 
149 273 22 
149 274 22 
149 275 22 
150 276 22 
151 277 22 
152 277 22 
152 278 22 
152 279 22 
152 280 22 
152 281 22 
152 282 22 
152 283 22 
151 283 22 
150 284 22 
149 285 22 
149 286 22 
148 287 22 
148 288 22 
147 289 22 
148 290 22 
149 291 22 
150 292 22 
151 292 22 
152 293 22 
152 294 22 
152 295 22 
152 296 22 
153 297 22 
154 298 22 
155 299 22 
156 300 22 
156 301 22 
156 302 22 
156 303 22 
156 304 22 
156 305 22 
157 306 22 
158 307 22 
159 308 22 
159 309 22 
159 310 22 
159 311 22 
159 312 22 
159 313 22 
159 314 22 
159 315 22 
158 316 22 
158 317 22 
158 318 22 
158 319 22 
158 320 22 
158 321 22 
157 321 22 
156 321 22 
155 322 22 
154 322 22 
153 323 22 
152 324 22 
152 325 22 
152 326 22 
153 327 22 
153 328 22 
154 329 22 
155 330 22 
156 330 22 
157 330 22 
158 330 22 
159 330 22 
160 330 22 
161 330 22 
162 330 22 
163 331 22 
164 331 22 
165 332 22 
166 332 22 
167 333 22 
V
Segmentation 1
265 308 22 
266 307 22 
266 306 22 
267 305 22 
267 304 22 
267 303 22 
268 304 22 
269 304 22 
270 304 22 
271 304 22 
272 303 22 
272 302 22 
272 301 22 
273 300 22 
273 299 22 
273 298 22 
273 297 22 
273 296 22 
272 295 22 
272 294 22 
272 293 22 
273 292 22 
274 292 22 
275 291 22 
276 291 22 
277 291 22 
278 292 22 
279 293 22 
280 292 22 
281 292 22 
282 292 22 
283 291 22 
284 291 22 
285 292 22 
286 292 22 
287 291 22 
288 291 22 
289 291 22 
290 291 22 
291 290 22 
291 289 22 
290 288 22 
290 287 22 
289 286 22 
289 285 22 
288 284 22 
287 283 22 
286 282 22 
285 281 22 
285 280 22 
286 279 22 
286 278 22 
286 277 22 
285 276 22 
284 275 22 
283 275 22 
282 274 22 
281 274 22 
282 273 22 
282 272 22 
283 271 22 
283 270 22 
283 269 22 
283 268 22 
284 268 22 
285 267 22 
286 266 22 
287 265 22 
287 264 22 
287 263 22 
287 262 22 
288 261 22 
289 260 22 
289 259 22 
289 258 22 
289 257 22 
289 256 22 
289 255 22 
289 254 22 
289 253 22 
288 252 22 
287 251 22 
286 250 22 
286 249 22 
286 248 22 
286 247 22 
286 246 22 
285 245 22 
284 244 22 
283 244 22 
282 243 22 
281 242 22 
281 241 22 
282 240 22 
282 239 22 
281 238 22 
282 238 22 
283 237 22 
284 237 22 
285 236 22 
286 235 22 
286 234 22 
286 233 22 
286 232 22 
286 231 22 
286 230 22 
286 229 22 
285 228 22 
284 228 22 
283 227 22 
282 227 22 
282 226 22 
282 225 22 
282 224 22 
282 223 22 
282 222 22 
282 221 22 
281 220 22 
280 219 22 
279 219 22 
278 219 22 
277 219 22 
276 219 22 
275 219 22 
274 218 22 
274 217 22 
273 216 22 
272 216 22 
271 216 22 
270 216 22 
269 217 22 
268 217 22 
267 217 22 
266 216 22 
266 215 22 
265 214 22 
265 213 22 
264 212 22 
263 212 22 
262 212 22 
261 211 22 
260 211 22 
259 212 22 
258 213 22 
258 214 22 
257 215 22 
257 216 22 
257 217 22 
257 218 22 
257 219 22 
258 220 22 
259 221 22 
260 221 22 
261 222 22 
262 222 22 
262 223 22 
262 224 22 
262 225 22 
262 226 22 
262 227 22 
262 228 22 
262 229 22 
262 230 22 
262 231 22 
262 232 22 
263 233 22 
263 234 22 
262 235 22 
261 236 22 
260 237 22 
259 238 22 
258 239 22 
258 240 22 
259 241 22 
260 242 22 
260 243 22 
261 244 22 
262 245 22 
262 246 22 
262 247 22 
261 248 22 
261 249 22 
261 250 22 
262 251 22 
262 252 22 
263 253 22 
262 254 22 
262 255 22 
262 256 22 
262 257 22 
263 258 22 
263 259 22 
264 260 22 
264 261 22 
264 262 22 
264 263 22 
264 264 22 
264 265 22 
264 266 22 
264 267 22 
263 268 22 
263 269 22 
263 270 22 
263 271 22 
263 272 22 
263 273 22 
263 274 22 
263 275 22 
263 276 22 
263 277 22 
263 278 22 
263 279 22 
262 280 22 
262 281 22 
262 282 22 
262 283 22 
262 284 22 
262 285 22 
262 286 22 
262 287 22 
262 288 22 
262 289 22 
262 290 22 
261 291 22 
261 292 22 
262 293 22 
262 294 22 
262 295 22 
262 296 22 
261 297 22 
261 298 22 
261 299 22 
261 300 22 
261 301 22 
261 302 22 
261 303 22 
261 304 22 
260 305 22 
261 306 22 
262 307 22 
263 307 22 
264 308 22 
265 308 22 
V
Segmentation 0
175 316 23 
176 315 23 
177 315 23 
178 314 23 
178 313 23 
178 312 23 
177 311 23 
177 310 23 
177 309 23 
178 308 23 
179 307 23 
180 307 23 
181 306 23 
181 305 23 
182 304 23 
182 303 23 
182 302 23 
182 301 23 
183 300 23 
183 299 23 
183 298 23 
184 297 23 
184 296 23 
184 295 23 
184 294 23 
185 293 23 
186 292 23 
187 291 23 
188 291 23 
189 290 23 
189 289 23 
189 288 23 
188 287 23 
188 286 23 
188 285 23 
189 284 23 
190 283 23 
191 284 23 
192 284 23 
193 284 23 
194 284 23 
195 284 23 
196 284 23 
197 283 23 
198 282 23 
199 281 23 
199 280 23 
199 279 23 
198 278 23 
198 277 23 
198 276 23 
197 275 23 
196 275 23 
195 275 23 
194 275 23 
193 275 23 
192 275 23 
191 275 23 
190 275 23 
190 274 23 
190 273 23 
190 272 23 
190 271 23 
190 270 23 
191 269 23 
191 268 23 
191 267 23 
191 266 23 
192 265 23 
192 264 23 
192 263 23 
192 262 23 
193 261 23 
193 260 23 
192 259 23 
191 258 23 
190 257 23 
189 256 23 
189 255 23 
189 254 23 
190 253 23 
191 252 23 
191 251 23 
191 250 23 
191 249 23 
191 248 23 
191 247 23 
190 246 23 
189 245 23 
188 244 23 
187 243 23 
187 242 23 
187 241 23 
187 240 23 
187 239 23 
187 238 23 
187 237 23 
188 236 23 
189 235 23 
190 234 23 
190 233 23 
190 232 23 
189 231 23 
190 230 23 
191 229 23 
192 228 23 
191 227 23 
190 227 23 
189 226 23 
188 226 23 
187 226 23 
186 226 23 
185 226 23 
184 226 23 
183 226 23 
183 225 23 
182 224 23 
181 224 23 
180 223 23 
179 222 23 
178 221 23 
177 221 23 
176 221 23 
175 221 23 
174 221 23 
173 221 23 
172 220 23 
171 220 23 
170 219 23 
169 219 23 
168 218 23 
167 219 23 
166 219 23 
165 220 23 
164 221 23 
164 222 23 
164 223 23 
164 224 23 
164 225 23 
164 226 23 
164 227 23 
163 227 23 
162 228 23 
161 228 23 
160 228 23 
159 229 23 
159 230 23 
159 231 23 
159 232 23 
159 233 23 
159 234 23 
159 235 23 
158 236 23 
157 237 23 
157 238 23 
157 239 23 
157 240 23 
157 241 23 
156 242 23 
157 243 23 
158 244 23 
159 245 23 
160 246 23 
161 247 23 
161 248 23 
161 249 23 
161 250 23 
160 250 23 
159 251 23 
158 251 23 
157 251 23 
156 252 23 
155 253 23 
155 254 23 
155 255 23 
155 256 23 
155 257 23 
155 258 23 
154 259 23 
153 259 23 
152 260 23 
152 261 23 
152 262 23 
152 263 23 
152 264 23 
152 265 23 
152 266 23 
153 267 23 
154 268 23 
155 269 23 
156 269 23 
156 270 23 
156 271 23 
156 272 23 
156 273 23 
155 274 23 
154 274 23 
153 275 23 
152 275 23 
151 276 23 
151 277 23 
150 278 23 
149 279 23 
148 280 23 
148 281 23 
149 282 23 
150 282 23 
151 283 23 
152 283 23 
153 283 23 
154 284 23 
155 284 23 
156 284 23 
156 285 23 
156 286 23 
156 287 23 
156 288 23 
156 289 23 
156 290 23 
157 291 23 
158 292 23 
159 292 23 
159 293 23 
159 294 23 
159 295 23 
159 296 23 
159 297 23 
158 298 23 
159 299 23 
160 299 23 
161 299 23 
162 300 23 
163 301 23 
164 301 23 
165 300 23 
166 300 23 
167 299 23 
167 300 23 
168 301 23 
168 302 23 
169 303 23 
170 304 23 
170 305 23 
170 306 23 
169 307 23 
168 308 23 
168 309 23 
169 310 23 
169 311 23 
169 312 23 
169 313 23 
170 314 23 
171 315 23 
172 316 23 
173 316 23 
174 316 23 
175 316 23 
V
Segmentation 1
269 304 23 
270 303 23 
271 302 23 
272 301 23 
273 300 23 
274 299 23 
275 300 23 
276 299 23 
277 299 23 
278 298 23 
278 297 23 
279 296 23 
279 295 23 
279 294 23 
278 293 23 
278 292 23 
278 291 23 
277 290 23 
276 290 23 
275 289 23 
274 289 23 
275 288 23 
275 287 23 
275 286 23 
275 285 23 
276 284 23 
277 284 23 
278 283 23 
279 282 23 
280 282 23 
281 282 23 
282 283 23 
283 284 23 
284 285 23 
285 285 23 
286 284 23 
287 283 23 
288 282 23 
288 281 23 
288 280 23 
289 279 23 
289 278 23 
289 277 23 
289 276 23 
288 275 23 
287 274 23 
286 274 23 
286 273 23 
286 272 23 
285 271 23 
285 270 23 
285 269 23 
285 268 23 
286 267 23 
287 266 23 
288 265 23 
288 264 23 
287 263 23 
286 262 23 
285 261 23 
284 260 23 
284 259 23 
283 258 23 
282 258 23 
281 258 23 
280 259 23 
279 259 23 
279 258 23 
278 257 23 
278 256 23 
277 255 23 
277 254 23 
276 253 23 
275 252 23 
274 252 23 
273 252 23 
272 252 23 
271 252 23 
270 252 23 
269 252 23 
268 252 23 
267 251 23 
266 251 23 
265 251 23 
264 251 23 
263 251 23 
262 251 23 
261 251 23 
260 251 23 
259 250 23 
258 250 23 
257 250 23 
256 250 23 
255 251 23 
254 251 23 
253 252 23 
253 253 23 
253 254 23 
253 255 23 
253 256 23 
253 257 23 
253 258 23 
253 259 23 
252 259 23 
251 260 23 
250 260 23 
249 261 23 
248 262 23 
248 263 23 
248 264 23 
248 265 23 
248 266 23 
249 267 23 
250 268 23 
251 269 23 
252 269 23 
253 270 23 
253 271 23 
253 272 23 
253 273 23 
253 274 23 
252 274 23 
251 275 23 
250 275 23 
249 276 23 
248 276 23 
247 277 23 
248 278 23 
248 279 23 
248 280 23 
248 281 23 
248 282 23 
248 283 23 
249 284 23 
249 285 23 
250 286 23 
250 287 23 
250 288 23 
250 289 23 
250 290 23 
250 291 23 
249 291 23 
248 292 23 
247 292 23 
246 293 23 
246 294 23 
246 295 23 
246 296 23 
246 297 23 
245 298 23 
246 299 23 
246 300 23 
247 301 23 
248 301 23 
249 301 23 
250 301 23 
251 301 23 
252 301 23 
253 300 23 
254 299 23 
255 299 23 
256 299 23 
257 300 23 
258 301 23 
259 301 23 
260 301 23 
261 302 23 
262 302 23 
263 301 23 
264 300 23 
265 300 23 
266 300 23 
267 301 23 
267 302 23 
268 303 23 
269 304 23 
V
Segmentation 0
184 292 24 
185 291 24 
186 291 24 
187 290 24 
188 290 24 
189 289 24 
189 288 24 
189 287 24 
189 286 24 
189 285 24 
189 284 24 
190 283 24 
190 282 24 
190 281 24 
190 280 24 
190 279 24 
190 278 24 
191 277 24 
192 276 24 
193 276 24 
194 275 24 
195 274 24 
195 273 24 
194 272 24 
194 271 24 
193 270 24 
192 269 24 
191 268 24 
191 267 24 
191 266 24 
192 265 24 
192 264 24 
192 263 24 
192 262 24 
191 261 24 
192 261 24 
193 261 24 
194 261 24 
195 260 24 
196 260 24 
197 259 24 
197 258 24 
197 257 24 
197 256 24 
197 255 24 
197 254 24 
197 253 24 
197 252 24 
196 251 24 
195 251 24 
194 251 24 
193 250 24 
192 250 24 
191 250 24 
191 249 24 
191 248 24 
191 247 24 
191 246 24 
191 245 24 
191 244 24 
191 243 24 
190 242 24 
189 242 24 
188 243 24 
187 243 24 
186 243 24 
185 243 24 
184 243 24 
183 243 24 
182 242 24 
181 241 24 
181 240 24 
181 239 24 
181 238 24 
180 237 24 
179 237 24 
178 237 24 
177 236 24 
176 236 24 
175 236 24 
174 237 24 
173 237 24 
172 238 24 
172 239 24 
171 240 24 
171 241 24 
171 242 24 
171 243 24 
171 244 24 
170 244 24 
169 244 24 
168 244 24 
167 243 24 
166 243 24 
165 243 24 
164 242 24 
163 242 24 
162 243 24 
161 243 24 
160 244 24 
159 245 24 
159 246 24 
160 247 24 
160 248 24 
160 249 24 
160 250 24 
160 251 24 
160 252 24 
159 253 24 
158 254 24 
158 255 24 
158 256 24 
158 257 24 
158 258 24 
158 259 24 
158 260 24 
158 261 24 
158 262 24 
158 263 24 
158 264 24 
158 265 24 
158 266 24 
158 267 24 
158 268 24 
159 269 24 
160 269 24 
161 270 24 
162 270 24 
163 270 24 
163 271 24 
164 272 24 
164 273 24 
165 274 24 
165 275 24 
166 276 24 
167 276 24 
168 276 24 
168 277 24 
168 278 24 
168 279 24 
169 280 24 
170 281 24 
171 282 24 
171 283 24 
171 284 24 
171 285 24 
171 286 24 
171 287 24 
171 288 24 
172 289 24 
173 290 24 
174 291 24 
175 291 24 
176 292 24 
177 292 24 
178 291 24 
179 291 24 
180 291 24 
181 291 24 
182 292 24 
183 292 24 
184 292 24 
V
Segmentation 1
277 283 24 
278 282 24 
278 281 24 
278 280 24 
278 279 24 
278 278 24 
278 277 24 
278 276 24 
277 275 24 
276 274 24 
276 273 24 
277 272 24 
277 271 24 
278 270 24 
279 269 24 
280 269 24 
281 268 24 
282 267 24 
282 266 24 
281 265 24 
280 265 24 
279 265 24 
278 264 24 
277 263 24 
276 262 24 
275 262 24 
274 261 24 
274 260 24 
273 259 24 
272 258 24 
271 258 24 
270 258 24 
269 258 24 
268 257 24 
267 257 24 
266 258 24 
265 259 24 
264 259 24 
263 260 24 
263 261 24 
263 262 24 
264 263 24 
264 264 24 
264 265 24 
264 266 24 
263 267 24 
262 268 24 
261 269 24 
260 270 24 
260 271 24 
260 272 24 
260 273 24 
261 274 24 
262 275 24 
263 276 24 
264 276 24 
265 276 24 
266 276 24 
267 276 24 
268 277 24 
269 277 24 
269 278 24 
269 279 24 
269 280 24 
269 281 24 
269 282 24 
270 283 24 
271 283 24 
272 283 24 
273 283 24 
274 283 24 
275 283 24 
276 283 24 
277 283 24 
V
Segmentation 2
153 290 24 
154 289 24 
154 288 24 
154 287 24 
155 286 24 
155 285 24 
155 284 24 
155 283 24 
154 282 24 
153 281 24 
153 280 24 
152 279 24 
151 280 24 
150 280 24 
149 280 24 
148 280 24 
147 280 24 
146 280 24 
145 281 24 
145 282 24 
144 283 24 
143 284 24 
144 285 24 
145 286 24 
145 287 24 
146 288 24 
147 289 24 
148 290 24 
149 290 24 
150 290 24 
151 290 24 
152 290 24 
153 290 24 
V
Segmentation 3
284 311 24 
285 310 24 
286 309 24 
287 308 24 
287 307 24 
288 306 24 
289 305 24 
289 304 24 
288 303 24 
287 302 24 
286 301 24 
285 301 24 
284 301 24 
283 301 24 
282 301 24 
281 301 24 
280 302 24 
279 303 24 
278 304 24 
277 305 24 
277 306 24 
277 307 24 
277 308 24 
278 309 24 
279 310 24 
280 311 24 
281 311 24 
282 311 24 
283 311 24 
284 311 24 
V
Segmentation 0
197 229 25 
198 228 25 
198 227 25 
199 226 25 
199 225 25 
198 224 25 
198 223 25 
198 222 25 
197 221 25 
196 220 25 
195 220 25 
194 220 25 
193 220 25 
192 219 25 
191 220 25 
190 221 25 
189 221 25 
188 221 25 
187 222 25 
188 223 25 
188 224 25 
188 225 25 
188 226 25 
188 227 25 
189 228 25 
190 229 25 
191 229 25 
192 229 25 
193 229 25 
194 229 25 
195 229 25 
196 229 25 
197 229 25 
V
Segmentation 1
256 276 25 
257 275 25 
258 275 25 
259 275 25 
260 275 25 
261 274 25 
262 275 25 
263 275 25 
264 275 25 
265 275 25 
266 275 25 
267 275 25 
268 275 25 
269 274 25 
270 273 25 
271 273 25 
272 274 25 
273 274 25 
274 274 25 
275 274 25 
276 273 25 
276 272 25 
276 271 25 
277 270 25 
277 269 25 
276 268 25 
276 267 25 
275 266 25 
274 266 25 
273 266 25 
272 266 25 
271 267 25 
270 267 25 
269 268 25 
269 267 25 
268 266 25 
267 265 25 
266 264 25 
265 264 25 
265 263 25 
265 262 25 
265 261 25 
264 260 25 
263 260 25 
262 259 25 
261 259 25 
260 258 25 
259 258 25 
259 257 25 
260 256 25 
260 255 25 
260 254 25 
261 253 25 
261 252 25 
261 251 25 
260 250 25 
259 249 25 
258 248 25 
257 247 25 
256 247 25 
255 247 25 
254 248 25 
253 249 25 
252 250 25 
252 251 25 
251 252 25 
251 253 25 
251 254 25 
252 255 25 
252 256 25 
252 257 25 
252 258 25 
253 259 25 
254 259 25 
255 260 25 
255 261 25 
255 262 25 
255 263 25 
255 264 25 
255 265 25 
255 266 25 
254 267 25 
253 268 25 
252 268 25 
251 269 25 
252 270 25 
252 271 25 
252 272 25 
252 273 25 
253 274 25 
253 275 25 
254 276 25 
255 276 25 
256 276 25 
V
Segmentation 0
186 286 26 
187 285 26 
188 284 26 
189 283 26 
190 282 26 
191 282 26 
192 283 26 
193 283 26 
194 283 26 
195 283 26 
196 283 26 
197 282 26 
198 282 26 
199 281 26 
200 280 26 
200 279 26 
200 278 26 
200 277 26 
200 276 26 
199 275 26 
198 274 26 
197 273 26 
197 272 26 
196 271 26 
196 270 26 
197 269 26 
197 268 26 
196 267 26 
195 266 26 
194 266 26 
193 266 26 
192 266 26 
191 266 26 
190 266 26 
189 267 26 
188 268 26 
187 268 26 
186 267 26 
185 267 26 
184 266 26 
183 266 26 
182 267 26 
181 267 26 
180 268 26 
180 269 26 
180 270 26 
180 271 26 
180 272 26 
179 273 26 
179 274 26 
180 275 26 
181 275 26 
182 276 26 
182 277 26 
182 278 26 
182 279 26 
182 280 26 
182 281 26 
181 282 26 
181 283 26 
182 284 26 
183 285 26 
184 286 26 
185 286 26 
186 286 26 
V
