Segmentation 0
221 257 11 
222 256 11 
223 255 11 
223 254 11 
223 253 11 
224 252 11 
224 251 11 
224 250 11 
224 249 11 
224 248 11 
224 247 11 
224 246 11 
223 245 11 
222 245 11 
221 245 11 
220 245 11 
219 244 11 
218 244 11 
217 245 11 
216 245 11 
215 246 11 
215 247 11 
215 248 11 
215 249 11 
215 250 11 
215 251 11 
215 252 11 
216 253 11 
217 254 11 
218 255 11 
219 256 11 
220 257 11 
221 257 11 
V
Segmentation 0
140 173 15 
141 172 15 
142 171 15 
142 170 15 
143 169 15 
144 169 15 
145 168 15 
145 167 15 
146 166 15 
147 165 15 
147 164 15 
147 163 15 
146 162 15 
145 161 15 
144 160 15 
143 160 15 
142 160 15 
141 160 15 
140 160 15 
139 160 15 
138 160 15 
137 161 15 
136 161 15 
135 162 15 
134 163 15 
134 164 15 
133 165 15 
134 166 15 
134 167 15 
135 168 15 
135 169 15 
136 170 15 
136 171 15 
137 172 15 
138 172 15 
139 173 15 
140 173 15 
V
Segmentation 1
167 194 15 
168 193 15 
169 192 15 
169 191 15 
169 190 15 
170 189 15 
170 188 15 
170 187 15 
170 186 15 
170 185 15 
169 184 15 
168 183 15 
167 182 15 
166 182 15 
165 182 15 
164 181 15 
163 181 15 
162 182 15 
162 183 15 
161 184 15 
161 185 15 
161 186 15 
160 187 15 
160 188 15 
160 189 15 
161 190 15 
162 190 15 
162 191 15 
163 192 15 
164 193 15 
165 194 15 
166 194 15 
167 194 15 
V
Segmentation 0
169 150 16 
170 149 16 
171 149 16 
172 148 16 
173 147 16 
172 146 16 
172 145 16 
171 144 16 
171 143 16 
171 142 16 
170 141 16 
169 141 16 
168 140 16 
167 140 16 
166 140 16 
165 141 16 
164 142 16 
163 143 16 
163 144 16 
163 145 16 
162 146 16 
162 147 16 
163 148 16 
164 149 16 
165 149 16 
166 150 16 
167 150 16 
168 150 16 
169 150 16 
V
Segmentation 1
144 181 16 
145 180 16 
146 179 16 
146 178 16 
146 177 16 
146 176 16 
146 175 16 
146 174 16 
146 173 16 
145 172 16 
145 171 16 
144 170 16 
143 170 16 
142 169 16 
141 169 16 
140 170 16 
139 170 16 
138 170 16 
137 171 16 
136 171 16 
135 172 16 
134 173 16 
133 174 16 
133 175 16 
133 176 16 
134 177 16 
135 178 16 
136 179 16 
137 179 16 
138 180 16 
139 180 16 
140 181 16 
141 181 16 
142 181 16 
143 181 16 
144 181 16 
V
Segmentation 0
142 198 17 
143 197 17 
144 197 17 
145 196 17 
146 196 17 
147 195 17 
148 194 17 
149 193 17 
150 192 17 
150 191 17 
150 190 17 
149 189 17 
148 188 17 
148 187 17 
147 186 17 
146 186 17 
145 186 17 
144 186 17 
143 185 17 
142 185 17 
141 185 17 
140 185 17 
139 185 17 
138 185 17 
137 185 17 
136 185 17 
135 185 17 
134 185 17 
133 185 17 
132 185 17 
131 185 17 
130 185 17 
129 185 17 
128 185 17 
127 185 17 
126 185 17 
125 185 17 
124 185 17 
123 185 17 
122 185 17 
121 186 17 
121 187 17 
121 188 17 
122 189 17 
123 190 17 
123 191 17 
124 192 17 
125 193 17 
126 194 17 
127 194 17 
128 195 17 
129 196 17 
130 196 17 
131 196 17 
132 197 17 
133 198 17 
134 198 17 
135 198 17 
136 198 17 
137 198 17 
138 198 17 
139 198 17 
140 198 17 
141 198 17 
142 198 17 
V
Segmentation 0
136 199 18 
137 198 18 
138 197 18 
139 196 18 
139 195 18 
139 194 18 
139 193 18 
138 192 18 
138 191 18 
137 190 18 
137 189 18 
136 188 18 
135 187 18 
134 186 18 
133 186 18 
132 186 18 
131 186 18 
130 186 18 
129 186 18 
128 187 18 
127 188 18 
126 189 18 
125 190 18 
125 191 18 
124 192 18 
124 193 18 
124 194 18 
125 195 18 
126 196 18 
127 196 18 
128 197 18 
129 198 18 
130 198 18 
131 199 18 
132 199 18 
133 199 18 
134 199 18 
135 199 18 
136 199 18 
V
Segmentation 0
172 166 19 
173 165 19 
174 165 19 
175 164 19 
176 163 19 
177 162 19 
178 161 19 
178 160 19 
178 159 19 
179 158 19 
180 157 19 
180 156 19 
180 155 19 
181 154 19 
181 153 19 
181 152 19 
181 151 19 
180 150 19 
180 149 19 
179 148 19 
178 148 19 
177 148 19 
176 148 19 
175 148 19 
174 148 19 
173 148 19 
172 149 19 
171 149 19 
170 149 19 
169 150 19 
168 150 19 
167 151 19 
166 152 19 
165 153 19 
165 154 19 
164 155 19 
164 156 19 
163 157 19 
163 158 19 
162 159 19 
162 160 19 
162 161 19 
162 162 19 
162 163 19 
163 164 19 
164 165 19 
165 165 19 
166 166 19 
167 166 19 
168 166 19 
169 166 19 
170 166 19 
171 166 19 
172 166 19 
V
Segmentation 1
135 209 19 
136 208 19 
137 208 19 
138 208 19 
139 208 19 
140 207 19 
141 207 19 
142 206 19 
142 205 19 
141 204 19 
141 203 19 
140 202 19 
139 201 19 
138 201 19 
137 201 19 
136 202 19 
135 203 19 
134 204 19 
133 205 19 
132 206 19 
132 207 19 
132 208 19 
133 209 19 
134 209 19 
135 209 19 
V
Segmentation 0
134 331 20 
135 330 20 
136 329 20 
137 328 20 
137 327 20 
136 326 20 
136 325 20 
136 324 20 
136 323 20 
136 322 20 
135 321 20 
134 321 20 
133 321 20 
132 321 20 
131 320 20 
130 321 20 
129 321 20 
128 322 20 
127 323 20 
127 324 20 
127 325 20 
128 326 20 
128 327 20 
128 328 20 
129 329 20 
130 330 20 
131 331 20 
132 331 20 
133 331 20 
134 331 20 
V
Segmentation 0
202 245 26 
203 244 26 
204 244 26 
205 244 26 
206 244 26 
207 243 26 
208 242 26 
208 241 26 
209 240 26 
209 239 26 
209 238 26 
209 237 26 
209 236 26 
208 235 26 
207 235 26 
206 235 26 
205 235 26 
204 235 26 
203 235 26 
202 234 26 
201 234 26 
200 234 26 
199 235 26 
198 236 26 
197 237 26 
197 238 26 
197 239 26 
197 240 26 
197 241 26 
198 242 26 
198 243 26 
199 244 26 
200 244 26 
201 245 26 
202 245 26 
V
