Segmentation 0
212 303 8 
213 302 8 
214 301 8 
214 300 8 
214 299 8 
214 298 8 
214 297 8 
213 296 8 
213 295 8 
213 294 8 
213 293 8 
212 292 8 
211 291 8 
210 290 8 
209 290 8 
208 289 8 
208 288 8 
207 287 8 
206 286 8 
205 285 8 
204 284 8 
203 284 8 
202 284 8 
201 284 8 
200 284 8 
199 285 8 
198 286 8 
198 287 8 
198 288 8 
199 289 8 
199 290 8 
199 291 8 
200 292 8 
200 293 8 
201 294 8 
202 294 8 
203 295 8 
203 296 8 
203 297 8 
204 298 8 
205 299 8 
206 299 8 
206 300 8 
207 301 8 
208 302 8 
209 303 8 
210 303 8 
211 303 8 
212 303 8 
V
Segmentation 0
253 205 14 
254 204 14 
254 203 14 
254 202 14 
255 201 14 
255 200 14 
256 199 14 
257 198 14 
258 197 14 
258 196 14 
259 195 14 
259 194 14 
259 193 14 
259 192 14 
259 191 14 
260 190 14 
261 189 14 
262 189 14 
263 188 14 
263 187 14 
263 186 14 
263 185 14 
263 184 14 
263 183 14 
263 182 14 
263 181 14 
262 180 14 
261 179 14 
260 179 14 
259 180 14 
258 180 14 
257 181 14 
256 181 14 
255 181 14 
254 181 14 
253 180 14 
253 179 14 
253 178 14 
253 177 14 
253 176 14 
253 175 14 
253 174 14 
253 173 14 
252 172 14 
251 172 14 
250 172 14 
249 171 14 
248 171 14 
247 172 14 
246 173 14 
245 173 14 
244 174 14 
243 175 14 
243 176 14 
243 177 14 
243 178 14 
243 179 14 
244 180 14 
245 181 14 
246 181 14 
247 182 14 
247 183 14 
247 184 14 
247 185 14 
246 186 14 
245 187 14 
245 188 14 
244 189 14 
244 190 14 
244 191 14 
245 192 14 
246 193 14 
247 194 14 
248 195 14 
248 196 14 
248 197 14 
247 198 14 
246 199 14 
245 200 14 
244 201 14 
244 202 14 
245 203 14 
246 203 14 
247 203 14 
248 203 14 
249 204 14 
250 204 14 
251 204 14 
252 204 14 
253 205 14 
V
Segmentation 1
140 182 14 
141 181 14 
142 181 14 
143 180 14 
143 179 14 
144 178 14 
144 177 14 
143 176 14 
142 175 14 
141 174 14 
140 173 14 
139 173 14 
138 173 14 
137 174 14 
136 175 14 
135 176 14 
134 177 14 
133 178 14 
133 179 14 
133 180 14 
134 181 14 
135 181 14 
136 182 14 
137 182 14 
138 182 14 
139 182 14 
140 182 14 
V
Segmentation 2
183 199 14 
184 198 14 
185 198 14 
186 197 14 
186 196 14 
186 195 14 
186 194 14 
186 193 14 
186 192 14 
186 191 14 
187 191 14 
188 191 14 
189 190 14 
190 190 14 
191 189 14 
191 188 14 
191 187 14 
191 186 14 
191 185 14 
191 184 14 
191 183 14 
191 182 14 
190 181 14 
189 181 14 
188 180 14 
187 180 14 
186 181 14 
185 181 14 
184 181 14 
183 180 14 
182 180 14 
181 180 14 
180 179 14 
179 178 14 
178 179 14 
177 180 14 
176 181 14 
176 182 14 
176 183 14 
176 184 14 
176 185 14 
176 186 14 
176 187 14 
177 188 14 
178 189 14 
178 190 14 
178 191 14 
178 192 14 
177 193 14 
177 194 14 
177 195 14 
177 196 14 
177 197 14 
178 198 14 
179 198 14 
180 198 14 
181 199 14 
182 199 14 
183 199 14 
V
Segmentation 3
148 232 14 
149 231 14 
149 230 14 
149 229 14 
150 228 14 
151 228 14 
152 227 14 
153 226 14 
152 225 14 
152 224 14 
151 223 14 
150 222 14 
149 221 14 
148 220 14 
147 220 14 
146 219 14 
145 219 14 
144 219 14 
143 220 14 
143 221 14 
143 222 14 
143 223 14 
143 224 14 
142 225 14 
142 226 14 
142 227 14 
143 228 14 
143 229 14 
144 230 14 
145 231 14 
146 232 14 
147 232 14 
148 232 14 
V
Segmentation 4
318 342 14 
319 341 14 
320 340 14 
321 339 14 
321 338 14 
322 338 14 
323 338 14 
324 337 14 
324 336 14 
325 335 14 
325 334 14 
326 333 14 
326 332 14 
326 331 14 
326 330 14 
325 329 14 
324 328 14 
323 328 14 
322 328 14 
321 329 14 
320 329 14 
319 330 14 
318 330 14 
317 330 14 
316 330 14 
315 331 14 
314 331 14 
313 332 14 
312 333 14 
312 334 14 
311 335 14 
310 336 14 
310 337 14 
310 338 14 
311 339 14 
312 340 14 
313 340 14 
314 341 14 
315 341 14 
316 341 14 
317 342 14 
318 342 14 
V
Segmentation 0
291 173 15 
292 172 15 
293 171 15 
294 170 15 
294 169 15 
294 168 15 
293 167 15 
293 166 15 
292 165 15 
291 164 15 
290 163 15 
290 162 15 
290 161 15 
289 160 15 
288 159 15 
287 158 15 
286 158 15 
285 158 15 
284 158 15 
283 158 15 
282 159 15 
282 160 15 
281 161 15 
281 162 15 
281 163 15 
282 164 15 
283 165 15 
283 166 15 
284 167 15 
284 168 15 
284 169 15 
284 170 15 
284 171 15 
284 172 15 
285 173 15 
286 173 15 
287 173 15 
288 173 15 
289 173 15 
290 173 15 
291 173 15 
V
Segmentation 1
260 194 15 
261 193 15 
261 192 15 
262 191 15 
262 190 15 
262 189 15 
263 188 15 
264 187 15 
264 186 15 
264 185 15 
264 184 15 
263 183 15 
263 182 15 
263 181 15 
264 181 15 
265 180 15 
266 179 15 
267 179 15 
268 178 15 
269 177 15 
269 176 15 
269 175 15 
268 174 15 
267 173 15 
266 173 15 
265 172 15 
264 172 15 
263 171 15 
262 170 15 
261 171 15 
261 172 15 
260 172 15 
259 172 15 
258 172 15 
257 173 15 
256 173 15 
255 174 15 
254 174 15 
253 174 15 
252 175 15 
252 176 15 
251 177 15 
251 178 15 
250 179 15 
249 180 15 
249 181 15 
249 182 15 
250 183 15 
251 183 15 
252 183 15 
253 184 15 
254 185 15 
254 186 15 
255 187 15 
256 188 15 
256 189 15 
256 190 15 
256 191 15 
257 192 15 
258 193 15 
259 194 15 
260 194 15 
V
Segmentation 2
178 198 15 
179 197 15 
180 196 15 
180 195 15 
180 194 15 
180 193 15 
180 192 15 
180 191 15 
181 190 15 
181 189 15 
182 188 15 
182 187 15 
183 186 15 
184 185 15 
185 184 15 
186 184 15 
187 183 15 
187 182 15 
187 181 15 
187 180 15 
188 179 15 
188 178 15 
189 177 15 
189 176 15 
190 175 15 
190 174 15 
189 173 15 
188 172 15 
187 172 15 
186 172 15 
185 171 15 
184 171 15 
183 171 15 
182 171 15 
181 171 15 
180 172 15 
180 173 15 
180 174 15 
180 175 15 
180 176 15 
180 177 15 
180 178 15 
179 179 15 
178 179 15 
177 180 15 
176 180 15 
175 180 15 
174 179 15 
173 179 15 
172 178 15 
171 178 15 
170 179 15 
169 180 15 
168 180 15 
167 181 15 
167 182 15 
167 183 15 
167 184 15 
167 185 15 
167 186 15 
168 187 15 
169 187 15 
170 188 15 
171 188 15 
172 188 15 
173 189 15 
173 190 15 
173 191 15 
173 192 15 
172 193 15 
172 194 15 
173 195 15 
174 196 15 
175 197 15 
176 198 15 
177 198 15 
178 198 15 
V
Segmentation 3
149 349 15 
150 348 15 
151 348 15 
152 348 15 
153 348 15 
154 348 15 
155 348 15 
156 347 15 
156 346 15 
157 345 15 
157 344 15 
157 343 15 
157 342 15 
158 341 15 
158 340 15 
158 339 15 
158 338 15 
158 337 15 
159 336 15 
159 335 15 
159 334 15 
159 333 15 
159 332 15 
159 331 15 
158 330 15 
157 329 15 
156 329 15 
155 329 15 
154 328 15 
153 328 15 
152 329 15 
151 330 15 
150 331 15 
149 331 15 
148 331 15 
147 331 15 
146 330 15 
145 330 15 
144 330 15 
143 331 15 
142 332 15 
142 333 15 
141 334 15 
141 335 15 
141 336 15 
141 337 15 
141 338 15 
141 339 15 
142 340 15 
143 341 15 
143 342 15 
142 343 15 
142 344 15 
142 345 15 
143 346 15 
144 347 15 
145 348 15 
146 348 15 
147 349 15 
148 349 15 
149 349 15 
V
Segmentation 4
160 387 15 
161 386 15 
162 386 15 
163 386 15 
164 385 15 
165 385 15 
166 384 15 
166 383 15 
166 382 15 
166 381 15 
165 380 15 
165 379 15 
164 378 15 
163 377 15 
163 376 15 
162 375 15 
161 375 15 
160 375 15 
159 376 15 
158 377 15 
157 377 15 
156 378 15 
155 379 15 
155 380 15 
156 381 15 
157 382 15 
157 383 15 
157 384 15 
157 385 15 
157 386 15 
158 387 15 
159 387 15 
160 387 15 
V
Segmentation 5
180 413 15 
181 412 15 
182 411 15 
183 410 15 
184 409 15 
184 408 15 
184 407 15 
185 406 15 
185 405 15 
185 404 15 
185 403 15 
184 402 15 
183 402 15 
182 403 15 
181 404 15 
181 405 15 
180 406 15 
179 407 15 
178 407 15 
177 407 15 
177 406 15 
176 405 15 
175 406 15 
174 407 15 
174 408 15 
174 409 15 
174 410 15 
175 411 15 
175 412 15 
176 413 15 
177 413 15 
178 413 15 
179 413 15 
180 413 15 
V
Segmentation 0
285 183 16 
286 182 16 
287 181 16 
287 180 16 
287 179 16 
287 178 16 
287 177 16 
287 176 16 
286 175 16 
285 174 16 
286 174 16 
287 173 16 
287 172 16 
288 171 16 
288 170 16 
287 169 16 
286 168 16 
285 167 16 
285 166 16 
285 165 16 
284 164 16 
283 165 16 
282 166 16 
281 167 16 
280 167 16 
279 168 16 
280 169 16 
280 170 16 
280 171 16 
280 172 16 
280 173 16 
279 174 16 
278 175 16 
277 176 16 
277 177 16 
276 178 16 
276 179 16 
277 180 16 
278 181 16 
279 182 16 
280 183 16 
281 183 16 
282 183 16 
283 183 16 
284 183 16 
285 183 16 
V
Segmentation 1
162 182 16 
163 181 16 
164 180 16 
164 179 16 
164 178 16 
164 177 16 
163 176 16 
163 175 16 
162 174 16 
161 174 16 
160 173 16 
159 173 16 
158 173 16 
157 172 16 
157 171 16 
157 170 16 
157 169 16 
157 168 16 
156 167 16 
155 166 16 
154 166 16 
153 166 16 
152 167 16 
151 167 16 
150 167 16 
149 168 16 
148 169 16 
147 170 16 
146 171 16 
146 172 16 
145 172 16 
144 173 16 
144 174 16 
143 174 16 
142 174 16 
141 175 16 
140 176 16 
140 177 16 
141 178 16 
142 179 16 
143 179 16 
143 180 16 
144 181 16 
145 182 16 
146 182 16 
147 181 16 
148 180 16 
149 180 16 
150 181 16 
151 181 16 
152 182 16 
153 182 16 
154 182 16 
155 181 16 
156 181 16 
157 181 16 
158 182 16 
159 182 16 
160 182 16 
161 182 16 
162 182 16 
V
Segmentation 2
261 193 16 
262 192 16 
262 191 16 
262 190 16 
263 189 16 
264 188 16 
264 187 16 
264 186 16 
264 185 16 
264 184 16 
264 183 16 
264 182 16 
263 181 16 
262 181 16 
261 180 16 
260 180 16 
260 179 16 
260 178 16 
260 177 16 
260 176 16 
260 175 16 
259 174 16 
258 173 16 
257 173 16 
256 172 16 
255 172 16 
254 172 16 
253 173 16 
252 173 16 
251 174 16 
251 175 16 
251 176 16 
251 177 16 
251 178 16 
251 179 16 
251 180 16 
251 181 16 
251 182 16 
252 183 16 
253 183 16 
254 184 16 
255 184 16 
256 185 16 
256 186 16 
257 187 16 
257 188 16 
258 189 16 
258 190 16 
259 191 16 
260 192 16 
261 193 16 
V
Segmentation 3
181 187 16 
182 186 16 
183 185 16 
184 185 16 
185 185 16 
186 184 16 
187 184 16 
188 184 16 
189 183 16 
189 182 16 
189 181 16 
189 180 16 
188 179 16 
187 178 16 
186 178 16 
185 178 16 
184 177 16 
183 177 16 
182 177 16 
181 177 16 
180 178 16 
179 179 16 
178 180 16 
178 181 16 
177 182 16 
177 183 16 
178 184 16 
179 185 16 
180 186 16 
181 187 16 
V
Segmentation 4
180 411 16 
181 410 16 
182 410 16 
183 410 16 
184 409 16 
185 408 16 
185 407 16 
185 406 16 
185 405 16 
184 404 16 
184 403 16 
183 402 16 
182 401 16 
181 400 16 
181 399 16 
181 398 16 
181 397 16 
181 396 16 
181 395 16 
181 394 16 
182 394 16 
183 393 16 
184 392 16 
184 391 16 
184 390 16 
185 389 16 
185 388 16 
185 387 16 
184 386 16 
183 385 16 
182 385 16 
181 384 16 
180 384 16 
179 385 16 
178 385 16 
177 386 16 
176 386 16 
175 385 16 
174 384 16 
173 384 16 
173 383 16 
173 382 16 
173 381 16 
172 380 16 
172 379 16 
171 378 16 
170 378 16 
170 377 16 
169 376 16 
168 376 16 
167 376 16 
166 376 16 
165 376 16 
165 375 16 
165 374 16 
165 373 16 
164 372 16 
163 372 16 
163 371 16 
163 370 16 
163 369 16 
162 368 16 
162 367 16 
162 366 16 
161 365 16 
160 364 16 
160 363 16 
161 362 16 
161 361 16 
161 360 16 
161 359 16 
161 358 16 
161 357 16 
160 356 16 
160 355 16 
160 354 16 
160 353 16 
160 352 16 
160 351 16 
160 350 16 
160 349 16 
160 348 16 
160 347 16 
161 346 16 
161 345 16 
161 344 16 
161 343 16 
161 342 16 
161 341 16 
161 340 16 
160 339 16 
159 339 16 
158 338 16 
157 338 16 
156 338 16 
155 339 16 
154 339 16 
153 340 16 
152 340 16 
151 340 16 
150 340 16 
149 339 16 
148 339 16 
147 339 16 
146 339 16 
145 340 16 
144 341 16 
143 342 16 
143 343 16 
142 344 16 
142 345 16 
142 346 16 
143 347 16 
144 348 16 
144 349 16 
144 350 16 
144 351 16 
143 352 16 
142 353 16 
141 353 16 
140 353 16 
139 353 16 
138 353 16 
137 353 16 
136 353 16 
135 354 16 
134 355 16 
134 356 16 
135 357 16 
135 358 16 
134 359 16 
134 360 16 
135 361 16 
136 362 16 
137 362 16 
138 362 16 
139 362 16 
140 362 16 
141 363 16 
141 364 16 
141 365 16 
142 366 16 
143 366 16 
144 367 16 
144 368 16 
145 369 16 
146 369 16 
147 369 16 
148 368 16 
149 367 16 
150 366 16 
151 365 16 
151 364 16 
151 363 16 
152 363 16 
153 364 16 
154 364 16 
155 364 16 
155 365 16 
155 366 16 
155 367 16 
155 368 16 
155 369 16 
155 370 16 
155 371 16 
155 372 16 
156 373 16 
157 373 16 
157 374 16 
158 375 16 
158 376 16 
158 377 16 
158 378 16 
159 379 16 
160 380 16 
161 381 16 
162 382 16 
162 383 16 
163 384 16 
164 385 16 
165 386 16 
166 387 16 
167 388 16 
168 388 16 
169 388 16 
169 389 16 
169 390 16 
169 391 16 
169 392 16 
169 393 16 
170 394 16 
171 395 16 
172 396 16 
172 397 16 
173 398 16 
173 399 16 
173 400 16 
174 401 16 
175 402 16 
174 403 16 
174 404 16 
173 405 16 
173 406 16 
174 407 16 
175 407 16 
176 408 16 
177 409 16 
178 410 16 
179 411 16 
180 411 16 
V
Segmentation 5
133 377 16 
134 376 16 
135 375 16 
135 374 16 
136 373 16 
136 372 16 
137 371 16 
137 370 16 
137 369 16 
136 368 16 
136 367 16 
135 366 16 
134 366 16 
133 365 16 
132 365 16 
131 365 16 
130 366 16 
129 366 16 
128 367 16 
128 368 16 
128 369 16 
127 370 16 
128 371 16 
128 372 16 
128 373 16 
128 374 16 
128 375 16 
129 376 16 
130 377 16 
131 377 16 
132 377 16 
133 377 16 
V
Segmentation 0
268 175 17 
269 174 17 
270 174 17 
271 174 17 
272 173 17 
272 172 17 
272 171 17 
272 170 17 
273 169 17 
273 168 17 
273 167 17 
272 166 17 
271 165 17 
270 165 17 
269 165 17 
268 164 17 
267 164 17 
266 164 17 
265 165 17 
265 166 17 
264 167 17 
264 168 17 
264 169 17 
263 170 17 
263 171 17 
262 172 17 
263 173 17 
264 173 17 
265 173 17 
266 173 17 
267 174 17 
268 175 17 
V
Segmentation 1
262 203 17 
263 202 17 
263 201 17 
263 200 17 
264 199 17 
265 198 17 
266 197 17 
267 196 17 
267 195 17 
266 194 17 
266 193 17 
266 192 17 
266 191 17 
266 190 17 
266 189 17 
265 188 17 
265 187 17 
264 186 17 
264 185 17 
264 184 17 
263 183 17 
263 182 17 
262 181 17 
261 181 17 
261 180 17 
262 179 17 
262 178 17 
262 177 17 
261 176 17 
261 175 17 
261 174 17 
260 173 17 
259 172 17 
258 172 17 
257 171 17 
256 170 17 
255 171 17 
254 171 17 
253 172 17 
252 173 17 
252 174 17 
252 175 17 
252 176 17 
252 177 17 
252 178 17 
252 179 17 
251 180 17 
250 180 17 
249 181 17 
248 182 17 
248 183 17 
248 184 17 
248 185 17 
248 186 17 
248 187 17 
249 188 17 
250 188 17 
251 188 17 
252 188 17 
253 188 17 
254 189 17 
255 189 17 
256 190 17 
256 191 17 
257 192 17 
258 193 17 
258 194 17 
258 195 17 
258 196 17 
258 197 17 
259 198 17 
259 199 17 
259 200 17 
259 201 17 
259 202 17 
260 203 17 
261 203 17 
262 203 17 
V
Segmentation 2
161 193 17 
162 192 17 
163 191 17 
164 190 17 
164 189 17 
165 188 17 
165 187 17 
165 186 17 
165 185 17 
165 184 17 
164 183 17 
163 182 17 
162 181 17 
161 181 17 
160 181 17 
159 181 17 
158 181 17 
157 181 17 
156 181 17 
155 182 17 
154 182 17 
153 183 17 
152 184 17 
151 185 17 
150 186 17 
149 187 17 
149 188 17 
149 189 17 
149 190 17 
150 191 17 
151 192 17 
152 192 17 
153 193 17 
154 193 17 
155 193 17 
156 193 17 
157 193 17 
158 193 17 
159 193 17 
160 193 17 
161 193 17 
V
Segmentation 3
174 206 17 
175 205 17 
176 205 17 
177 204 17 
178 204 17 
179 203 17 
179 202 17 
179 201 17 
179 200 17 
179 199 17 
180 198 17 
180 197 17 
180 196 17 
181 195 17 
181 194 17 
182 193 17 
183 192 17 
184 191 17 
185 191 17 
186 191 17 
187 191 17 
188 190 17 
188 189 17 
187 188 17 
187 187 17 
186 186 17 
185 186 17 
184 186 17 
183 185 17 
182 185 17 
181 185 17 
180 184 17 
179 184 17 
178 185 17 
178 186 17 
177 187 17 
177 188 17 
176 189 17 
175 189 17 
174 190 17 
173 191 17 
172 192 17 
172 193 17 
172 194 17 
172 195 17 
172 196 17 
171 196 17 
170 197 17 
169 197 17 
168 198 17 
168 199 17 
168 200 17 
167 201 17 
167 202 17 
167 203 17 
168 204 17 
169 204 17 
170 205 17 
171 205 17 
172 206 17 
173 206 17 
174 206 17 
V
Segmentation 4
306 222 17 
307 221 17 
308 221 17 
309 220 17 
310 219 17 
311 218 17 
311 217 17 
311 216 17 
311 215 17 
311 214 17 
310 213 17 
309 213 17 
308 212 17 
307 211 17 
306 211 17 
305 211 17 
304 212 17 
303 213 17 
302 213 17 
301 214 17 
300 215 17 
300 216 17 
300 217 17 
300 218 17 
300 219 17 
300 220 17 
301 221 17 
302 221 17 
303 221 17 
304 221 17 
305 222 17 
306 222 17 
V
Segmentation 5
160 370 17 
161 369 17 
162 369 17 
163 369 17 
164 368 17 
165 367 17 
165 366 17 
165 365 17 
165 364 17 
165 363 17 
165 362 17 
164 361 17 
163 360 17 
162 359 17 
162 358 17 
162 357 17 
163 357 17 
164 357 17 
165 356 17 
166 355 17 
166 354 17 
167 354 17 
168 353 17 
167 352 17 
167 351 17 
166 350 17 
166 349 17 
165 348 17 
164 348 17 
163 348 17 
162 348 17 
161 348 17 
160 347 17 
159 347 17 
158 348 17 
158 349 17 
157 350 17 
156 351 17 
156 352 17 
156 353 17 
156 354 17 
156 355 17 
155 355 17 
154 355 17 
153 355 17 
152 355 17 
152 354 17 
151 353 17 
151 352 17 
150 351 17 
149 350 17 
148 349 17 
147 348 17 
146 347 17 
145 346 17 
144 345 17 
143 345 17 
142 345 17 
141 346 17 
140 346 17 
139 347 17 
139 348 17 
139 349 17 
139 350 17 
140 351 17 
140 352 17 
140 353 17 
140 354 17 
141 355 17 
142 355 17 
143 355 17 
143 356 17 
144 357 17 
145 358 17 
146 359 17 
147 360 17 
148 360 17 
149 361 17 
150 362 17 
150 363 17 
151 364 17 
152 364 17 
153 364 17 
154 364 17 
155 364 17 
156 364 17 
156 365 17 
157 366 17 
157 367 17 
157 368 17 
158 369 17 
159 370 17 
160 370 17 
V
Segmentation 6
303 362 17 
304 361 17 
305 360 17 
306 359 17 
306 358 17 
306 357 17 
306 356 17 
305 355 17 
305 354 17 
304 353 17 
303 352 17 
302 352 17 
301 352 17 
300 352 17 
299 353 17 
299 354 17 
298 355 17 
297 356 17 
296 357 17 
296 358 17 
295 359 17 
295 360 17 
296 361 17 
297 362 17 
298 362 17 
299 361 17 
300 361 17 
301 362 17 
302 362 17 
303 362 17 
V
Segmentation 7
280 388 17 
281 387 17 
282 386 17 
282 385 17 
282 384 17 
282 383 17 
281 382 17 
280 381 17 
279 380 17 
279 379 17 
278 378 17 
277 378 17 
276 378 17 
275 378 17 
274 378 17 
273 378 17 
272 379 17 
271 380 17 
271 381 17 
270 382 17 
270 383 17 
270 384 17 
270 385 17 
271 386 17 
272 386 17 
273 386 17 
274 387 17 
275 387 17 
276 387 17 
277 388 17 
278 388 17 
279 388 17 
280 388 17 
V
Segmentation 0
180 159 18 
181 158 18 
182 158 18 
183 157 18 
183 156 18 
183 155 18 
183 154 18 
184 153 18 
185 152 18 
185 151 18 
185 150 18 
184 149 18 
183 149 18 
182 148 18 
181 148 18 
180 148 18 
179 148 18 
178 149 18 
177 149 18 
176 149 18 
175 150 18 
174 151 18 
174 152 18 
174 153 18 
174 154 18 
174 155 18 
174 156 18 
175 157 18 
176 158 18 
177 159 18 
178 159 18 
179 159 18 
180 159 18 
V
Segmentation 1
280 187 18 
281 186 18 
282 185 18 
283 184 18 
283 183 18 
284 182 18 
285 181 18 
284 180 18 
283 179 18 
282 178 18 
281 177 18 
280 176 18 
279 176 18 
278 177 18 
278 178 18 
277 179 18 
276 180 18 
276 181 18 
276 182 18 
276 183 18 
277 184 18 
277 185 18 
278 186 18 
279 187 18 
280 187 18 
V
Segmentation 2
261 221 18 
262 220 18 
262 219 18 
263 218 18 
263 217 18 
264 216 18 
264 215 18 
264 214 18 
264 213 18 
264 212 18 
264 211 18 
263 210 18 
262 209 18 
263 208 18 
263 207 18 
264 206 18 
265 205 18 
265 204 18 
266 203 18 
265 202 18 
264 201 18 
263 200 18 
263 199 18 
262 198 18 
262 197 18 
263 196 18 
263 195 18 
264 194 18 
264 193 18 
264 192 18 
264 191 18 
264 190 18 
265 189 18 
266 188 18 
266 187 18 
265 186 18 
265 185 18 
265 184 18 
265 183 18 
264 182 18 
263 181 18 
262 181 18 
261 180 18 
260 180 18 
259 181 18 
258 181 18 
257 182 18 
256 182 18 
255 182 18 
254 181 18 
253 181 18 
252 180 18 
251 180 18 
250 181 18 
249 182 18 
248 183 18 
248 184 18 
248 185 18 
248 186 18 
247 187 18 
247 188 18 
246 188 18 
245 188 18 
244 189 18 
243 190 18 
243 191 18 
243 192 18 
243 193 18 
243 194 18 
243 195 18 
243 196 18 
244 197 18 
245 198 18 
246 198 18 
247 197 18 
248 196 18 
249 196 18 
250 195 18 
251 195 18 
252 195 18 
253 196 18 
254 197 18 
255 198 18 
256 199 18 
256 200 18 
257 201 18 
257 202 18 
257 203 18 
257 204 18 
257 205 18 
257 206 18 
258 207 18 
258 208 18 
258 209 18 
258 210 18 
258 211 18 
257 212 18 
257 213 18 
257 214 18 
257 215 18 
257 216 18 
256 217 18 
256 218 18 
256 219 18 
257 220 18 
258 221 18 
259 221 18 
260 221 18 
261 221 18 
V
Segmentation 3
161 194 18 
162 193 18 
163 192 18 
163 191 18 
163 190 18 
163 189 18 
162 188 18 
162 187 18 
161 186 18 
160 185 18 
159 184 18 
158 184 18 
157 185 18 
156 186 18 
155 186 18 
154 186 18 
153 187 18 
153 188 18 
153 189 18 
154 190 18 
154 191 18 
155 192 18 
156 193 18 
157 193 18 
158 193 18 
159 193 18 
160 194 18 
161 194 18 
V
Segmentation 4
179 215 18 
180 214 18 
180 213 18 
180 212 18 
180 211 18 
180 210 18 
181 209 18 
181 208 18 
181 207 18 
181 206 18 
181 205 18 
182 204 18 
182 203 18 
183 202 18 
183 201 18 
184 200 18 
183 199 18 
183 198 18 
182 197 18 
181 196 18 
180 196 18 
179 195 18 
178 195 18 
177 196 18 
176 196 18 
175 196 18 
174 197 18 
174 198 18 
174 199 18 
174 200 18 
174 201 18 
174 202 18 
174 203 18 
174 204 18 
173 205 18 
172 206 18 
172 207 18 
172 208 18 
172 209 18 
172 210 18 
172 211 18 
173 212 18 
174 213 18 
175 213 18 
176 214 18 
177 214 18 
178 214 18 
179 215 18 
V
Segmentation 5
280 245 18 
281 244 18 
282 243 18 
282 242 18 
283 241 18 
284 242 18 
285 242 18 
285 243 18 
286 244 18 
287 244 18 
288 244 18 
289 244 18 
290 244 18 
291 244 18 
292 244 18 
293 243 18 
294 242 18 
294 241 18 
294 240 18 
294 239 18 
294 238 18 
294 237 18 
294 236 18 
293 235 18 
292 235 18 
291 235 18 
290 234 18 
289 235 18 
288 235 18 
287 235 18 
286 236 18 
285 236 18 
284 237 18 
283 238 18 
282 238 18 
281 237 18 
281 236 18 
280 235 18 
279 234 18 
278 235 18 
277 235 18 
276 235 18 
275 236 18 
274 237 18 
273 238 18 
273 239 18 
273 240 18 
273 241 18 
273 242 18 
274 243 18 
275 244 18 
276 244 18 
277 245 18 
278 245 18 
279 245 18 
280 245 18 
V
Segmentation 6
129 261 18 
130 260 18 
131 260 18 
132 260 18 
133 260 18 
134 260 18 
135 259 18 
136 258 18 
135 257 18 
135 256 18 
135 255 18 
135 254 18 
134 253 18 
133 252 18 
132 252 18 
131 252 18 
130 252 18 
129 252 18 
128 252 18 
127 253 18 
126 254 18 
126 255 18 
126 256 18 
125 256 18 
124 257 18 
124 258 18 
125 259 18 
126 260 18 
127 261 18 
128 261 18 
129 261 18 
V
Segmentation 7
303 276 18 
304 275 18 
305 275 18 
306 275 18 
307 274 18 
307 273 18 
307 272 18 
307 271 18 
308 270 18 
308 269 18 
308 268 18 
309 268 18 
310 268 18 
311 267 18 
311 266 18 
312 265 18 
312 264 18 
312 263 18 
312 262 18 
312 261 18 
313 261 18 
314 260 18 
315 260 18 
316 260 18 
317 259 18 
317 258 18 
317 257 18 
317 256 18 
317 255 18 
317 254 18 
316 253 18 
315 253 18 
314 253 18 
313 253 18 
312 253 18 
311 253 18 
310 253 18 
309 253 18 
308 254 18 
307 255 18 
307 256 18 
307 257 18 
307 258 18 
307 259 18 
306 259 18 
305 259 18 
304 260 18 
303 261 18 
303 262 18 
303 263 18 
302 264 18 
301 265 18 
300 266 18 
300 267 18 
300 268 18 
300 269 18 
300 270 18 
300 271 18 
300 272 18 
300 273 18 
301 274 18 
302 275 18 
303 276 18 
V
Segmentation 8
303 292 18 
304 291 18 
305 291 18 
306 291 18 
307 291 18 
308 290 18 
308 289 18 
308 288 18 
307 287 18 
307 286 18 
307 285 18 
306 284 18 
305 283 18 
304 283 18 
303 283 18 
302 283 18 
301 284 18 
300 285 18 
300 286 18 
300 287 18 
300 288 18 
300 289 18 
300 290 18 
301 291 18 
302 291 18 
303 292 18 
V
Segmentation 9
297 378 18 
298 377 18 
299 376 18 
299 375 18 
300 375 18 
301 374 18 
301 373 18 
301 372 18 
301 371 18 
301 370 18 
301 369 18 
301 368 18 
302 368 18 
303 367 18 
304 366 18 
305 365 18 
306 365 18 
307 364 18 
308 363 18 
308 362 18 
308 361 18 
309 360 18 
309 359 18 
309 358 18 
308 357 18 
308 356 18 
308 355 18 
307 354 18 
306 353 18 
306 352 18 
306 351 18 
307 351 18 
308 351 18 
309 351 18 
310 351 18 
311 351 18 
312 352 18 
313 352 18 
314 352 18 
315 351 18 
316 350 18 
316 349 18 
316 348 18 
316 347 18 
315 346 18 
315 345 18 
314 344 18 
314 343 18 
313 342 18 
312 342 18 
311 342 18 
310 342 18 
310 341 18 
309 340 18 
309 339 18 
308 338 18 
307 338 18 
306 337 18 
305 337 18 
304 336 18 
303 336 18 
302 336 18 
301 336 18 
300 337 18 
300 338 18 
300 339 18 
300 340 18 
300 341 18 
301 342 18 
301 343 18 
302 344 18 
302 345 18 
301 346 18 
300 346 18 
299 347 18 
298 347 18 
297 348 18 
297 349 18 
297 350 18 
298 351 18 
298 352 18 
298 353 18 
299 354 18 
299 355 18 
299 356 18 
298 357 18 
297 357 18 
296 357 18 
295 358 18 
294 357 18 
293 356 18 
293 355 18 
292 354 18 
291 353 18 
291 352 18 
291 351 18 
291 350 18 
291 349 18 
291 348 18 
290 347 18 
289 346 18 
288 345 18 
287 345 18 
287 344 18 
287 343 18 
287 342 18 
288 341 18 
287 340 18 
286 339 18 
285 338 18 
284 337 18 
283 336 18 
282 337 18 
281 337 18 
280 337 18 
279 338 18 
279 339 18 
278 340 18 
277 340 18 
276 340 18 
275 340 18 
275 339 18 
275 338 18 
275 337 18 
275 336 18 
275 335 18 
275 334 18 
276 333 18 
276 332 18 
275 331 18 
274 330 18 
273 330 18 
272 329 18 
271 330 18 
270 330 18 
269 330 18 
268 331 18 
267 332 18 
267 333 18 
267 334 18 
267 335 18 
267 336 18 
267 337 18 
267 338 18 
266 339 18 
265 339 18 
264 340 18 
264 341 18 
263 342 18 
263 343 18 
263 344 18 
263 345 18 
263 346 18 
262 346 18 
261 346 18 
260 346 18 
259 347 18 
259 348 18 
259 349 18 
259 350 18 
258 351 18 
258 352 18 
258 353 18 
259 354 18 
260 355 18 
261 355 18 
262 355 18 
263 355 18 
264 355 18 
265 354 18 
266 354 18 
267 353 18 
266 352 18 
266 351 18 
266 350 18 
267 350 18 
268 349 18 
269 349 18 
270 349 18 
271 348 18 
272 348 18 
273 349 18 
274 349 18 
275 350 18 
276 350 18 
277 350 18 
278 350 18 
279 350 18 
280 350 18 
281 350 18 
282 351 18 
282 352 18 
283 353 18 
283 354 18 
283 355 18 
284 356 18 
284 357 18 
285 358 18 
286 359 18 
286 360 18 
287 361 18 
286 362 18 
286 363 18 
285 364 18 
284 365 18 
284 366 18 
283 367 18 
283 368 18 
284 369 18 
285 370 18 
286 370 18 
287 370 18 
288 370 18 
288 371 18 
289 372 18 
290 372 18 
291 372 18 
292 372 18 
293 373 18 
293 374 18 
294 375 18 
294 376 18 
295 377 18 
296 378 18 
297 378 18 
V
Segmentation 10
154 339 18 
155 338 18 
156 337 18 
157 336 18 
157 335 18 
157 334 18 
156 333 18 
155 332 18 
154 332 18 
153 332 18 
152 331 18 
151 331 18 
150 332 18 
149 333 18 
149 334 18 
149 335 18 
149 336 18 
149 337 18 
150 338 18 
151 338 18 
152 338 18 
153 339 18 
154 339 18 
V
Segmentation 11
163 363 18 
164 362 18 
165 362 18 
166 362 18 
167 362 18 
168 361 18 
168 360 18 
169 359 18 
169 358 18 
170 357 18 
169 356 18 
168 355 18 
167 354 18 
167 353 18 
166 352 18 
165 351 18 
165 350 18 
166 350 18 
167 349 18 
168 348 18 
169 347 18 
169 346 18 
170 345 18 
170 344 18 
170 343 18 
170 342 18 
169 341 18 
168 340 18 
167 340 18 
167 339 18 
166 338 18 
165 339 18 
164 339 18 
163 340 18 
162 341 18 
161 342 18 
161 343 18 
160 344 18 
160 345 18 
160 346 18 
161 347 18 
161 348 18 
162 349 18 
163 350 18 
162 351 18 
161 352 18 
160 353 18 
160 354 18 
160 355 18 
159 356 18 
160 357 18 
160 358 18 
161 359 18 
161 360 18 
161 361 18 
162 362 18 
163 363 18 
V
Segmentation 12
125 365 18 
126 364 18 
127 363 18 
128 362 18 
129 362 18 
130 361 18 
129 360 18 
128 359 18 
127 358 18 
127 357 18 
126 356 18 
125 356 18 
124 356 18 
123 356 18 
122 357 18 
121 357 18 
120 357 18 
119 358 18 
119 359 18 
119 360 18 
119 361 18 
119 362 18 
120 363 18 
121 364 18 
122 365 18 
123 365 18 
124 365 18 
125 365 18 
V
Segmentation 13
268 371 18 
269 370 18 
269 369 18 
270 368 18 
270 367 18 
271 366 18 
270 365 18 
270 364 18 
270 363 18 
269 362 18 
268 362 18 
267 362 18 
266 362 18 
265 362 18 
264 362 18 
263 362 18 
262 363 18 
261 364 18 
261 365 18 
261 366 18 
260 367 18 
261 368 18 
262 369 18 
263 370 18 
264 371 18 
265 371 18 
266 371 18 
267 371 18 
268 371 18 
V
Segmentation 14
144 390 18 
145 389 18 
146 388 18 
147 387 18 
148 387 18 
149 386 18 
149 385 18 
148 384 18 
148 383 18 
148 382 18 
149 381 18 
150 381 18 
151 381 18 
152 380 18 
153 379 18 
154 378 18 
154 377 18 
153 376 18 
153 375 18 
152 374 18 
151 373 18 
150 372 18 
149 372 18 
148 372 18 
147 372 18 
146 373 18 
145 374 18 
145 375 18 
144 375 18 
143 375 18 
142 376 18 
141 377 18 
141 378 18 
141 379 18 
141 380 18 
140 381 18 
139 382 18 
139 383 18 
138 384 18 
138 385 18 
139 386 18 
139 387 18 
140 388 18 
141 389 18 
142 390 18 
143 390 18 
144 390 18 
V
Segmentation 0
258 170 19 
259 169 19 
259 168 19 
260 167 19 
260 166 19 
260 165 19 
260 164 19 
260 163 19 
261 162 19 
261 161 19 
261 160 19 
262 159 19 
262 158 19 
262 157 19 
261 156 19 
260 155 19 
259 155 19 
258 155 19 
257 155 19 
256 155 19 
255 155 19 
254 155 19 
253 155 19 
252 156 19 
251 157 19 
251 158 19 
252 159 19 
252 160 19 
253 161 19 
253 162 19 
252 163 19 
251 164 19 
251 165 19 
251 166 19 
251 167 19 
252 168 19 
253 169 19 
254 169 19 
255 170 19 
256 170 19 
257 170 19 
258 170 19 
V
Segmentation 1
256 261 19 
257 260 19 
258 260 19 
259 259 19 
260 259 19 
261 258 19 
261 257 19 
261 256 19 
261 255 19 
261 254 19 
261 253 19 
261 252 19 
261 251 19 
262 250 19 
262 249 19 
262 248 19 
262 247 19 
262 246 19 
261 245 19 
260 244 19 
259 243 19 
259 242 19 
259 241 19 
259 240 19 
259 239 19 
260 238 19 
260 237 19 
261 236 19 
262 235 19 
262 234 19 
262 233 19 
262 232 19 
262 231 19 
262 230 19 
262 229 19 
263 229 19 
264 229 19 
265 228 19 
266 228 19 
267 228 19 
268 227 19 
268 226 19 
268 225 19 
268 224 19 
268 223 19 
269 222 19 
269 221 19 
268 220 19 
267 220 19 
266 219 19 
265 219 19 
264 219 19 
263 218 19 
262 218 19 
262 217 19 
262 216 19 
262 215 19 
263 214 19 
263 213 19 
263 212 19 
263 211 19 
264 211 19 
265 211 19 
266 211 19 
267 211 19 
268 211 19 
269 210 19 
269 209 19 
269 208 19 
270 207 19 
270 206 19 
270 205 19 
269 204 19 
268 203 19 
267 202 19 
266 202 19 
265 202 19 
265 201 19 
265 200 19 
265 199 19 
265 198 19 
265 197 19 
264 196 19 
263 195 19 
262 195 19 
261 195 19 
260 195 19 
259 196 19 
258 196 19 
257 197 19 
256 198 19 
255 198 19 
254 197 19 
253 196 19 
252 195 19 
251 195 19 
250 195 19 
249 195 19 
248 195 19 
247 196 19 
246 197 19 
246 198 19 
246 199 19 
246 200 19 
246 201 19 
246 202 19 
246 203 19 
246 204 19 
245 205 19 
244 206 19 
244 207 19 
244 208 19 
244 209 19 
244 210 19 
244 211 19 
244 212 19 
245 213 19 
246 213 19 
247 213 19 
248 213 19 
249 213 19 
250 213 19 
251 213 19 
252 213 19 
252 214 19 
252 215 19 
252 216 19 
253 217 19 
253 218 19 
252 219 19 
251 220 19 
251 221 19 
250 222 19 
251 223 19 
251 224 19 
251 225 19 
251 226 19 
252 227 19 
252 228 19 
252 229 19 
253 230 19 
253 231 19 
253 232 19 
253 233 19 
253 234 19 
254 235 19 
254 236 19 
254 237 19 
254 238 19 
254 239 19 
254 240 19 
254 241 19 
254 242 19 
254 243 19 
254 244 19 
253 245 19 
253 246 19 
253 247 19 
253 248 19 
253 249 19 
252 250 19 
252 251 19 
252 252 19 
252 253 19 
252 254 19 
252 255 19 
252 256 19 
252 257 19 
253 258 19 
253 259 19 
253 260 19 
254 261 19 
255 261 19 
256 261 19 
V
Segmentation 2
291 206 19 
292 205 19 
293 204 19 
293 203 19 
293 202 19 
294 201 19 
294 200 19 
294 199 19 
293 198 19 
292 197 19 
291 196 19 
290 196 19 
289 196 19 
288 196 19 
287 196 19 
286 197 19 
285 198 19 
284 199 19 
283 200 19 
283 201 19 
283 202 19 
283 203 19 
284 204 19 
285 205 19 
286 206 19 
287 206 19 
288 206 19 
289 206 19 
290 206 19 
291 206 19 
V
Segmentation 3
153 229 19 
154 228 19 
155 228 19 
156 228 19 
157 228 19 
158 227 19 
159 226 19 
159 225 19 
160 224 19 
160 223 19 
159 222 19 
158 221 19 
157 221 19 
156 220 19 
155 219 19 
154 219 19 
153 218 19 
152 219 19 
151 220 19 
150 221 19 
150 222 19 
149 223 19 
149 224 19 
149 225 19 
149 226 19 
149 227 19 
149 228 19 
150 229 19 
151 229 19 
152 229 19 
153 229 19 
V
Segmentation 4
296 255 19 
297 254 19 
297 253 19 
298 252 19 
299 251 19 
300 250 19 
300 249 19 
300 248 19 
300 247 19 
300 246 19 
301 245 19 
301 244 19 
301 243 19 
301 242 19 
302 241 19 
302 240 19 
301 239 19 
300 239 19 
299 238 19 
298 238 19 
297 238 19 
296 238 19 
295 237 19 
294 237 19 
293 238 19 
292 239 19 
292 240 19 
291 241 19 
291 242 19 
291 243 19 
292 244 19 
293 245 19 
293 246 19 
292 247 19 
292 248 19 
291 249 19 
292 250 19 
292 251 19 
293 252 19 
294 252 19 
295 252 19 
294 253 19 
294 254 19 
295 255 19 
296 255 19 
V
Segmentation 5
183 283 19 
184 282 19 
184 281 19 
184 280 19 
184 279 19 
184 278 19 
184 277 19 
184 276 19 
184 275 19 
184 274 19 
184 273 19 
184 272 19 
184 271 19 
184 270 19 
184 269 19 
184 268 19 
184 267 19 
184 266 19 
184 265 19 
184 264 19 
184 263 19 
184 262 19 
184 261 19 
184 260 19 
184 259 19 
184 258 19 
184 257 19 
184 256 19 
184 255 19 
184 254 19 
183 253 19 
182 253 19 
181 252 19 
180 252 19 
179 252 19 
178 251 19 
177 251 19 
176 251 19 
175 252 19 
174 253 19 
173 254 19 
173 255 19 
173 256 19 
173 257 19 
173 258 19 
174 259 19 
175 260 19 
176 260 19 
177 261 19 
177 262 19 
177 263 19 
176 264 19 
176 265 19 
176 266 19 
176 267 19 
175 267 19 
174 268 19 
173 269 19 
173 270 19 
173 271 19 
173 272 19 
173 273 19 
173 274 19 
174 275 19 
175 276 19 
175 277 19 
176 278 19 
176 279 19 
176 280 19 
176 281 19 
177 282 19 
178 282 19 
179 283 19 
180 283 19 
181 283 19 
182 283 19 
183 283 19 
V
Segmentation 6
295 279 19 
296 278 19 
297 278 19 
298 277 19 
299 276 19 
300 275 19 
300 274 19 
299 273 19 
299 272 19 
298 271 19 
298 270 19 
298 269 19 
298 268 19 
299 268 19 
300 268 19 
301 268 19 
302 269 19 
303 269 19 
304 269 19 
305 268 19 
304 267 19 
303 266 19 
303 265 19 
304 264 19 
304 263 19 
304 262 19 
304 261 19 
303 260 19 
302 260 19 
301 259 19 
300 259 19 
299 259 19 
298 259 19 
297 259 19 
296 260 19 
295 261 19 
296 262 19 
296 263 19 
296 264 19 
296 265 19 
295 266 19 
296 267 19 
296 268 19 
295 268 19 
294 268 19 
293 268 19 
292 268 19 
291 268 19 
290 268 19 
289 269 19 
289 270 19 
290 271 19 
290 272 19 
289 273 19 
289 274 19 
289 275 19 
290 276 19 
291 276 19 
292 277 19 
293 278 19 
294 279 19 
295 279 19 
V
Segmentation 7
261 294 19 
262 293 19 
263 292 19 
263 291 19 
262 290 19 
262 289 19 
262 288 19 
261 287 19 
261 286 19 
261 285 19 
261 284 19 
262 283 19 
262 282 19 
262 281 19 
262 280 19 
262 279 19 
262 278 19 
262 277 19 
261 276 19 
260 275 19 
260 274 19 
260 273 19 
260 272 19 
261 271 19 
261 270 19 
261 269 19 
260 268 19 
259 267 19 
258 267 19 
257 266 19 
256 266 19 
255 266 19 
254 266 19 
253 267 19 
253 268 19 
253 269 19 
253 270 19 
253 271 19 
253 272 19 
253 273 19 
253 274 19 
253 275 19 
253 276 19 
252 277 19 
252 278 19 
252 279 19 
253 280 19 
253 281 19 
253 282 19 
254 283 19 
254 284 19 
254 285 19 
254 286 19 
254 287 19 
254 288 19 
254 289 19 
254 290 19 
254 291 19 
254 292 19 
254 293 19 
255 294 19 
256 294 19 
257 294 19 
258 294 19 
259 294 19 
260 294 19 
261 294 19 
V
Segmentation 8
320 340 19 
321 339 19 
322 339 19 
323 339 19 
324 338 19 
324 337 19 
323 336 19 
323 335 19 
323 334 19 
324 333 19 
324 332 19 
323 331 19 
322 331 19 
321 331 19 
320 330 19 
319 330 19 
318 330 19 
318 329 19 
319 328 19 
319 327 19 
320 326 19 
320 325 19 
320 324 19 
320 323 19 
321 323 19 
322 323 19 
323 323 19 
324 324 19 
325 324 19 
326 323 19 
327 323 19 
328 322 19 
329 321 19 
329 320 19 
329 319 19 
329 318 19 
329 317 19 
329 316 19 
328 315 19 
327 315 19 
326 315 19 
325 314 19 
324 314 19 
323 314 19 
322 314 19 
322 313 19 
322 312 19 
322 311 19 
322 310 19 
322 309 19 
321 308 19 
320 307 19 
320 306 19 
319 305 19 
318 304 19 
318 303 19 
317 302 19 
316 301 19 
316 300 19 
316 299 19 
317 298 19 
317 297 19 
317 296 19 
318 295 19 
318 294 19 
318 293 19 
318 292 19 
317 291 19 
316 290 19 
315 289 19 
314 290 19 
313 290 19 
312 291 19 
311 291 19 
310 291 19 
309 291 19 
308 291 19 
307 292 19 
306 293 19 
305 293 19 
304 294 19 
303 295 19 
303 296 19 
303 297 19 
303 298 19 
304 299 19 
304 300 19 
304 301 19 
305 302 19 
306 303 19 
307 304 19 
308 305 19 
309 305 19 
309 306 19 
310 307 19 
311 308 19 
311 309 19 
311 310 19 
311 311 19 
310 312 19 
309 313 19 
308 313 19 
307 314 19 
306 315 19 
306 316 19 
306 317 19 
306 318 19 
306 319 19 
306 320 19 
306 321 19 
305 321 19 
304 321 19 
303 322 19 
302 322 19 
301 322 19 
300 323 19 
300 324 19 
301 325 19 
301 326 19 
301 327 19 
302 328 19 
302 329 19 
302 330 19 
301 331 19 
300 331 19 
299 332 19 
298 333 19 
298 334 19 
299 335 19 
299 336 19 
299 337 19 
299 338 19 
300 339 19 
301 339 19 
302 340 19 
303 340 19 
304 339 19 
305 339 19 
306 338 19 
307 338 19 
308 337 19 
308 336 19 
309 337 19 
310 337 19 
311 338 19 
312 338 19 
313 338 19 
314 337 19 
315 337 19 
315 338 19 
316 339 19 
317 340 19 
318 340 19 
319 340 19 
320 340 19 
V
Segmentation 9
260 315 19 
261 314 19 
262 314 19 
263 314 19 
264 313 19 
264 312 19 
264 311 19 
265 310 19 
265 309 19 
265 308 19 
264 307 19 
263 306 19 
262 305 19 
261 304 19 
260 303 19 
259 303 19 
258 303 19 
257 303 19 
256 304 19 
256 305 19 
256 306 19 
256 307 19 
256 308 19 
256 309 19 
257 310 19 
257 311 19 
257 312 19 
257 313 19 
257 314 19 
258 315 19 
259 315 19 
260 315 19 
V
Segmentation 10
141 317 19 
142 316 19 
143 315 19 
144 314 19 
145 313 19 
145 312 19 
145 311 19 
145 310 19 
145 309 19 
144 308 19 
143 307 19 
142 307 19 
141 306 19 
140 306 19 
139 306 19 
138 306 19 
137 307 19 
136 308 19 
137 309 19 
136 310 19 
136 311 19 
136 312 19 
135 313 19 
135 314 19 
136 315 19 
137 316 19 
138 316 19 
139 317 19 
140 317 19 
141 317 19 
V
Segmentation 11
154 331 19 
155 330 19 
156 330 19 
157 330 19 
158 330 19 
159 330 19 
160 329 19 
161 328 19 
160 327 19 
160 326 19 
160 325 19 
160 324 19 
160 323 19 
160 322 19 
160 321 19 
159 320 19 
159 319 19 
159 318 19 
159 317 19 
159 316 19 
159 315 19 
158 314 19 
157 314 19 
156 314 19 
155 313 19 
154 313 19 
153 313 19 
152 313 19 
151 313 19 
150 314 19 
149 315 19 
149 316 19 
149 317 19 
149 318 19 
150 319 19 
150 320 19 
150 321 19 
150 322 19 
151 323 19 
152 323 19 
152 324 19 
152 325 19 
152 326 19 
152 327 19 
152 328 19 
152 329 19 
153 330 19 
154 331 19 
V
Segmentation 12
141 380 19 
142 379 19 
143 379 19 
144 378 19 
145 378 19 
146 377 19 
146 376 19 
146 375 19 
145 374 19 
145 373 19 
145 372 19 
144 371 19 
143 371 19 
142 371 19 
141 370 19 
141 369 19 
141 368 19 
141 367 19 
142 366 19 
143 365 19 
143 364 19 
143 363 19 
144 363 19 
145 362 19 
146 361 19 
146 360 19 
146 359 19 
145 358 19 
145 357 19 
144 356 19 
143 356 19 
142 355 19 
141 355 19 
140 355 19 
139 356 19 
138 356 19 
137 355 19 
136 355 19 
135 354 19 
134 353 19 
133 352 19 
132 353 19 
131 354 19 
130 355 19 
129 356 19 
128 357 19 
127 358 19 
126 359 19 
125 360 19 
124 360 19 
123 361 19 
123 362 19 
123 363 19 
123 364 19 
123 365 19 
123 366 19 
124 367 19 
125 368 19 
126 368 19 
127 368 19 
128 368 19 
129 368 19 
130 368 19 
131 369 19 
131 370 19 
131 371 19 
131 372 19 
130 373 19 
130 374 19 
130 375 19 
131 376 19 
132 377 19 
133 378 19 
134 379 19 
135 379 19 
136 379 19 
137 379 19 
138 379 19 
139 380 19 
140 380 19 
141 380 19 
V
Segmentation 13
293 379 19 
294 378 19 
295 377 19 
296 376 19 
297 376 19 
298 375 19 
299 374 19 
299 373 19 
300 372 19 
300 371 19 
300 370 19 
299 369 19 
299 368 19 
299 367 19 
299 366 19 
299 365 19 
299 364 19 
300 363 19 
300 362 19 
299 361 19 
298 360 19 
297 359 19 
296 358 19 
295 358 19 
294 359 19 
293 359 19 
292 360 19 
291 361 19 
290 362 19 
290 363 19 
290 364 19 
291 365 19 
291 366 19 
292 367 19 
292 368 19 
291 369 19 
290 370 19 
289 371 19 
288 371 19 
287 372 19 
286 373 19 
286 374 19 
286 375 19 
286 376 19 
287 377 19 
288 378 19 
289 378 19 
290 379 19 
291 379 19 
292 379 19 
293 379 19 
V
Segmentation 0
253 167 20 
254 166 20 
255 165 20 
256 165 20 
257 164 20 
258 164 20 
259 164 20 
260 164 20 
261 163 20 
262 162 20 
263 161 20 
263 160 20 
262 159 20 
262 158 20 
261 157 20 
260 156 20 
259 155 20 
258 154 20 
257 154 20 
256 155 20 
255 156 20 
254 156 20 
253 157 20 
252 158 20 
251 158 20 
250 157 20 
249 157 20 
248 156 20 
247 155 20 
246 156 20 
245 156 20 
244 157 20 
243 157 20 
242 158 20 
241 159 20 
242 160 20 
242 161 20 
243 162 20 
244 163 20 
245 164 20 
246 163 20 
247 163 20 
248 164 20 
249 164 20 
250 165 20 
250 166 20 
251 167 20 
252 167 20 
253 167 20 
V
Segmentation 1
263 213 20 
264 212 20 
265 211 20 
266 210 20 
266 209 20 
266 208 20 
266 207 20 
265 206 20 
265 205 20 
264 204 20 
263 204 20 
262 203 20 
261 203 20 
260 203 20 
259 203 20 
258 204 20 
257 205 20 
257 206 20 
258 207 20 
258 208 20 
259 209 20 
259 210 20 
260 211 20 
260 212 20 
261 213 20 
262 213 20 
263 213 20 
V
Segmentation 2
176 216 20 
177 215 20 
178 215 20 
179 214 20 
180 213 20 
180 212 20 
181 211 20 
181 210 20 
180 209 20 
179 208 20 
179 207 20 
179 206 20 
178 205 20 
177 205 20 
176 205 20 
175 206 20 
174 207 20 
173 208 20 
172 209 20 
172 210 20 
171 211 20 
171 212 20 
172 213 20 
173 214 20 
174 215 20 
175 216 20 
176 216 20 
V
Segmentation 3
155 230 20 
156 229 20 
156 228 20 
157 227 20 
158 227 20 
159 226 20 
160 225 20 
161 224 20 
162 223 20 
162 222 20 
161 221 20 
162 220 20 
162 219 20 
162 218 20 
162 217 20 
163 216 20 
163 215 20 
162 214 20 
161 213 20 
160 213 20 
159 212 20 
158 212 20 
157 212 20 
156 212 20 
155 213 20 
154 214 20 
154 215 20 
154 216 20 
154 217 20 
154 218 20 
154 219 20 
153 219 20 
152 220 20 
152 221 20 
151 222 20 
150 223 20 
150 224 20 
150 225 20 
151 226 20 
152 227 20 
153 228 20 
154 229 20 
155 230 20 
V
Segmentation 4
276 237 20 
277 236 20 
277 235 20 
278 234 20 
278 233 20 
278 232 20 
279 231 20 
279 230 20 
278 229 20 
277 228 20 
276 227 20 
275 226 20 
274 227 20 
273 227 20 
272 227 20 
271 227 20 
270 227 20 
270 226 20 
270 225 20 
269 224 20 
269 223 20 
269 222 20 
268 221 20 
267 220 20 
266 220 20 
265 219 20 
264 219 20 
263 220 20 
262 220 20 
261 221 20 
260 221 20 
259 222 20 
260 223 20 
260 224 20 
260 225 20 
260 226 20 
260 227 20 
260 228 20 
260 229 20 
261 230 20 
262 230 20 
263 231 20 
264 232 20 
264 233 20 
264 234 20 
265 235 20 
266 235 20 
267 236 20 
268 236 20 
269 236 20 
270 236 20 
271 237 20 
272 237 20 
273 237 20 
274 237 20 
275 237 20 
276 237 20 
V
Segmentation 5
297 262 20 
298 261 20 
299 260 20 
299 259 20 
299 258 20 
299 257 20 
299 256 20 
299 255 20 
299 254 20 
298 253 20 
297 253 20 
296 253 20 
295 252 20 
294 252 20 
293 252 20 
292 253 20 
291 253 20 
290 253 20 
289 252 20 
288 252 20 
287 251 20 
286 251 20 
285 251 20 
284 252 20 
283 252 20 
282 253 20 
282 254 20 
282 255 20 
282 256 20 
282 257 20 
282 258 20 
282 259 20 
283 260 20 
284 261 20 
285 261 20 
286 262 20 
287 262 20 
288 261 20 
289 261 20 
290 260 20 
291 260 20 
292 261 20 
293 261 20 
294 262 20 
295 262 20 
296 262 20 
297 262 20 
V
Segmentation 6
153 281 20 
154 280 20 
154 279 20 
154 278 20 
154 277 20 
154 276 20 
154 275 20 
154 274 20 
154 273 20 
154 272 20 
153 271 20 
154 270 20 
154 269 20 
154 268 20 
154 267 20 
155 266 20 
155 265 20 
155 264 20 
154 263 20 
154 262 20 
154 261 20 
153 260 20 
152 260 20 
151 260 20 
150 260 20 
149 260 20 
148 261 20 
147 261 20 
146 262 20 
145 261 20 
144 260 20 
143 260 20 
142 259 20 
141 259 20 
140 258 20 
139 258 20 
138 258 20 
137 259 20 
136 259 20 
135 260 20 
135 261 20 
135 262 20 
136 263 20 
136 264 20 
136 265 20 
137 266 20 
138 266 20 
139 267 20 
140 267 20 
141 268 20 
142 268 20 
143 268 20 
144 267 20 
145 267 20 
146 268 20 
147 269 20 
147 270 20 
148 271 20 
148 272 20 
148 273 20 
147 274 20 
146 275 20 
146 276 20 
146 277 20 
147 278 20 
148 279 20 
149 279 20 
149 280 20 
150 281 20 
151 281 20 
152 281 20 
153 281 20 
V
Segmentation 7
131 302 20 
132 301 20 
133 301 20 
134 300 20 
135 299 20 
136 298 20 
136 297 20 
137 296 20 
137 295 20 
136 294 20 
135 293 20 
134 292 20 
133 292 20 
132 291 20 
131 291 20 
130 291 20 
129 291 20 
128 292 20 
128 293 20 
128 294 20 
128 295 20 
127 296 20 
127 297 20 
126 298 20 
127 299 20 
128 300 20 
129 301 20 
130 301 20 
131 302 20 
V
Segmentation 8
150 317 20 
151 316 20 
152 315 20 
152 314 20 
152 313 20 
152 312 20 
152 311 20 
152 310 20 
152 309 20 
151 308 20 
150 307 20 
149 306 20 
148 306 20 
147 306 20 
146 306 20 
145 305 20 
144 305 20 
143 304 20 
142 304 20 
141 303 20 
140 304 20 
139 304 20 
138 305 20 
137 306 20 
136 307 20 
136 308 20 
135 309 20 
134 310 20 
135 311 20 
135 312 20 
136 313 20 
137 313 20 
138 314 20 
139 314 20 
140 314 20 
141 314 20 
142 314 20 
143 314 20 
144 314 20 
145 315 20 
146 315 20 
147 315 20 
147 316 20 
148 317 20 
149 317 20 
150 317 20 
V
Segmentation 9
292 347 20 
293 346 20 
293 345 20 
294 344 20 
294 343 20 
294 342 20 
294 341 20 
294 340 20 
293 339 20 
292 338 20 
292 337 20 
292 336 20 
292 335 20 
293 334 20 
293 333 20 
294 332 20 
295 331 20 
296 332 20 
297 332 20 
298 332 20 
299 332 20 
300 331 20 
301 331 20 
302 330 20 
302 329 20 
302 328 20 
302 327 20 
303 326 20 
303 325 20 
303 324 20 
302 323 20 
301 323 20 
300 322 20 
299 322 20 
298 322 20 
297 322 20 
296 323 20 
295 323 20 
294 324 20 
293 324 20 
292 323 20 
291 323 20 
290 323 20 
289 323 20 
288 324 20 
287 324 20 
286 323 20 
285 322 20 
284 322 20 
283 321 20 
282 321 20 
281 321 20 
280 322 20 
279 322 20 
278 323 20 
278 324 20 
278 325 20 
278 326 20 
278 327 20 
278 328 20 
277 329 20 
276 329 20 
275 329 20 
274 329 20 
273 330 20 
272 331 20 
272 332 20 
273 333 20 
273 334 20 
274 335 20 
274 336 20 
274 337 20 
275 338 20 
276 339 20 
277 339 20 
277 340 20 
278 341 20 
278 342 20 
278 343 20 
279 344 20 
280 345 20 
281 345 20 
282 345 20 
283 346 20 
284 346 20 
285 345 20 
286 345 20 
287 345 20 
288 345 20 
289 346 20 
290 346 20 
291 346 20 
292 347 20 
V
Segmentation 0
194 182 21 
195 181 21 
196 181 21 
197 180 21 
197 179 21 
196 178 21 
197 177 21 
197 176 21 
197 175 21 
198 174 21 
198 173 21 
198 172 21 
198 171 21 
198 170 21 
199 169 21 
199 168 21 
199 167 21 
198 166 21 
197 165 21 
196 164 21 
195 163 21 
196 162 21 
196 161 21 
197 160 21 
197 159 21 
197 158 21 
196 157 21 
195 156 21 
194 155 21 
193 155 21 
192 155 21 
191 156 21 
190 157 21 
189 157 21 
188 158 21 
188 159 21 
188 160 21 
188 161 21 
189 162 21 
189 163 21 
189 164 21 
190 165 21 
189 165 21 
188 165 21 
187 165 21 
186 165 21 
185 166 21 
184 166 21 
183 166 21 
182 167 21 
182 168 21 
182 169 21 
182 170 21 
182 171 21 
182 172 21 
183 173 21 
184 173 21 
185 174 21 
186 174 21 
187 174 21 
188 174 21 
188 175 21 
188 176 21 
188 177 21 
187 178 21 
188 179 21 
189 180 21 
190 181 21 
191 182 21 
192 182 21 
193 182 21 
194 182 21 
V
Segmentation 1
182 192 21 
183 191 21 
184 191 21 
185 190 21 
185 189 21 
186 188 21 
186 187 21 
186 186 21 
185 185 21 
185 184 21 
184 183 21 
183 182 21 
182 181 21 
181 182 21 
180 182 21 
179 183 21 
178 184 21 
177 185 21 
177 186 21 
177 187 21 
178 188 21 
178 189 21 
179 190 21 
179 191 21 
180 192 21 
181 192 21 
182 192 21 
V
Segmentation 2
258 192 21 
259 191 21 
260 191 21 
261 191 21 
262 190 21 
263 189 21 
264 188 21 
264 187 21 
263 186 21 
262 185 21 
261 184 21 
260 184 21 
259 183 21 
258 183 21 
257 183 21 
256 183 21 
255 183 21 
254 184 21 
253 184 21 
252 185 21 
252 186 21 
252 187 21 
253 188 21 
253 189 21 
254 190 21 
255 191 21 
256 192 21 
257 192 21 
258 192 21 
V
Segmentation 3
175 203 21 
176 202 21 
177 202 21 
178 201 21 
179 200 21 
180 199 21 
181 198 21 
181 197 21 
180 196 21 
180 195 21 
179 194 21 
178 193 21 
177 192 21 
176 192 21 
175 191 21 
174 191 21 
173 191 21 
172 190 21 
171 190 21 
170 191 21 
169 191 21 
168 191 21 
167 192 21 
166 193 21 
165 194 21 
165 195 21 
164 196 21 
164 197 21 
165 198 21 
165 199 21 
166 200 21 
167 201 21 
168 201 21 
169 202 21 
170 202 21 
171 203 21 
172 203 21 
173 203 21 
174 203 21 
175 203 21 
V
Segmentation 4
166 220 21 
167 219 21 
168 218 21 
169 217 21 
169 216 21 
169 215 21 
169 214 21 
169 213 21 
169 212 21 
169 211 21 
168 210 21 
167 209 21 
167 208 21 
166 207 21 
165 207 21 
164 207 21 
163 207 21 
162 208 21 
161 209 21 
160 210 21 
159 211 21 
158 212 21 
159 213 21 
159 214 21 
160 215 21 
160 216 21 
161 217 21 
162 218 21 
163 219 21 
164 220 21 
165 220 21 
166 220 21 
V
Segmentation 5
280 278 21 
281 277 21 
282 277 21 
283 277 21 
284 276 21 
284 275 21 
284 274 21 
285 273 21 
285 272 21 
285 271 21 
284 270 21 
284 269 21 
284 268 21 
285 267 21 
286 266 21 
287 265 21 
287 264 21 
287 263 21 
286 262 21 
286 261 21 
286 260 21 
286 259 21 
287 258 21 
288 257 21 
289 256 21 
289 255 21 
289 254 21 
289 253 21 
288 252 21 
288 251 21 
288 250 21 
288 249 21 
289 248 21 
288 247 21 
288 246 21 
287 245 21 
286 244 21 
285 243 21 
284 243 21 
283 243 21 
282 244 21 
281 244 21 
280 244 21 
279 245 21 
278 246 21 
278 247 21 
278 248 21 
278 249 21 
278 250 21 
278 251 21 
277 251 21 
276 251 21 
275 252 21 
274 253 21 
274 254 21 
274 255 21 
273 256 21 
273 257 21 
272 258 21 
272 259 21 
271 260 21 
270 261 21 
270 262 21 
270 263 21 
270 264 21 
270 265 21 
270 266 21 
270 267 21 
271 268 21 
272 268 21 
273 269 21 
274 269 21 
275 269 21 
275 270 21 
275 271 21 
275 272 21 
275 273 21 
275 274 21 
276 275 21 
277 276 21 
278 276 21 
279 277 21 
280 278 21 
V
Segmentation 6
151 316 21 
152 315 21 
153 314 21 
153 313 21 
153 312 21 
153 311 21 
153 310 21 
153 309 21 
152 308 21 
151 307 21 
150 307 21 
149 306 21 
148 305 21 
147 305 21 
146 305 21 
145 305 21 
144 304 21 
143 304 21 
143 303 21 
142 302 21 
141 302 21 
140 302 21 
139 303 21 
138 304 21 
137 305 21 
136 306 21 
136 307 21 
135 308 21 
136 309 21 
136 310 21 
137 311 21 
138 312 21 
139 312 21 
140 313 21 
141 313 21 
142 313 21 
143 314 21 
144 315 21 
145 315 21 
146 316 21 
147 316 21 
148 316 21 
149 316 21 
150 316 21 
151 316 21 
V
Segmentation 7
276 353 21 
277 352 21 
278 351 21 
279 350 21 
280 349 21 
280 348 21 
280 347 21 
280 346 21 
280 345 21 
280 344 21 
280 343 21 
279 342 21 
279 341 21 
278 340 21 
277 340 21 
276 340 21 
275 339 21 
274 338 21 
273 338 21 
272 338 21 
271 339 21 
271 340 21 
271 341 21 
271 342 21 
270 343 21 
269 344 21 
268 345 21 
268 346 21 
268 347 21 
268 348 21 
268 349 21 
268 350 21 
268 351 21 
269 352 21 
270 353 21 
271 353 21 
272 353 21 
273 353 21 
274 353 21 
275 353 21 
276 353 21 
V
Segmentation 0
287 261 22 
288 260 22 
288 259 22 
289 259 22 
290 259 22 
291 258 22 
291 257 22 
290 256 22 
290 255 22 
291 254 22 
290 253 22 
289 252 22 
288 251 22 
287 251 22 
286 251 22 
285 251 22 
284 252 22 
283 252 22 
282 252 22 
281 251 22 
280 251 22 
279 250 22 
278 249 22 
278 248 22 
279 247 22 
279 246 22 
279 245 22 
279 244 22 
278 243 22 
277 242 22 
276 241 22 
275 242 22 
274 242 22 
273 243 22 
272 243 22 
271 244 22 
270 244 22 
269 245 22 
269 246 22 
269 247 22 
269 248 22 
269 249 22 
270 250 22 
271 250 22 
272 251 22 
273 251 22 
273 252 22 
274 253 22 
274 254 22 
274 255 22 
274 256 22 
274 257 22 
275 258 22 
276 258 22 
277 259 22 
278 260 22 
279 259 22 
280 259 22 
281 258 22 
282 258 22 
283 259 22 
284 260 22 
285 261 22 
286 261 22 
287 261 22 
V
Segmentation 1
152 282 22 
153 281 22 
154 280 22 
155 280 22 
156 280 22 
157 280 22 
158 279 22 
158 278 22 
159 277 22 
158 276 22 
157 275 22 
157 274 22 
156 273 22 
155 272 22 
154 272 22 
153 272 22 
152 272 22 
151 272 22 
150 272 22 
149 273 22 
149 274 22 
149 275 22 
148 276 22 
148 277 22 
148 278 22 
149 279 22 
150 280 22 
151 281 22 
152 282 22 
V
Segmentation 2
148 317 22 
149 316 22 
150 315 22 
151 315 22 
152 314 22 
153 314 22 
154 315 22 
155 315 22 
156 315 22 
157 315 22 
158 314 22 
159 313 22 
160 312 22 
161 311 22 
161 310 22 
160 309 22 
159 308 22 
159 307 22 
158 306 22 
159 305 22 
159 304 22 
159 303 22 
159 302 22 
158 301 22 
157 300 22 
156 300 22 
155 299 22 
154 298 22 
153 297 22 
152 298 22 
151 299 22 
150 300 22 
149 301 22 
149 302 22 
149 303 22 
149 304 22 
149 305 22 
149 306 22 
148 306 22 
147 306 22 
146 307 22 
145 308 22 
144 309 22 
144 310 22 
145 311 22 
146 311 22 
147 312 22 
146 313 22 
146 314 22 
145 314 22 
144 315 22 
145 316 22 
146 316 22 
147 316 22 
148 317 22 
V
Segmentation 0
244 189 24 
245 188 24 
245 187 24 
246 186 24 
247 185 24 
247 184 24 
248 183 24 
248 182 24 
248 181 24 
247 180 24 
246 179 24 
245 179 24 
244 179 24 
243 179 24 
242 179 24 
241 179 24 
240 179 24 
239 180 24 
238 180 24 
237 181 24 
237 182 24 
236 183 24 
237 184 24 
237 185 24 
238 186 24 
239 187 24 
240 188 24 
241 189 24 
242 189 24 
243 189 24 
244 189 24 
V
Segmentation 1
253 222 24 
254 221 24 
255 221 24 
256 220 24 
256 219 24 
256 218 24 
256 217 24 
256 216 24 
256 215 24 
255 214 24 
255 213 24 
255 212 24 
254 211 24 
253 211 24 
252 210 24 
251 210 24 
250 210 24 
251 209 24 
251 208 24 
251 207 24 
251 206 24 
251 205 24 
250 204 24 
249 203 24 
248 202 24 
247 202 24 
246 201 24 
245 201 24 
244 201 24 
243 202 24 
242 203 24 
242 204 24 
241 205 24 
241 206 24 
240 207 24 
241 208 24 
242 209 24 
243 209 24 
244 208 24 
245 208 24 
246 208 24 
247 209 24 
248 210 24 
248 211 24 
247 212 24 
247 213 24 
247 214 24 
247 215 24 
247 216 24 
247 217 24 
248 218 24 
248 219 24 
249 220 24 
250 221 24 
251 221 24 
252 222 24 
253 222 24 
V
Segmentation 2
182 249 24 
183 248 24 
184 247 24 
185 246 24 
186 245 24 
187 244 24 
188 243 24 
189 242 24 
189 241 24 
190 240 24 
191 239 24 
192 239 24 
193 238 24 
194 238 24 
195 237 24 
195 236 24 
196 235 24 
196 234 24 
196 233 24 
195 232 24 
194 231 24 
193 230 24 
192 229 24 
191 229 24 
190 229 24 
189 229 24 
188 229 24 
187 229 24 
186 229 24 
185 229 24 
184 229 24 
183 230 24 
182 231 24 
181 231 24 
180 232 24 
179 233 24 
178 234 24 
177 235 24 
176 236 24 
175 237 24 
175 238 24 
175 239 24 
174 240 24 
174 241 24 
175 242 24 
175 243 24 
175 244 24 
176 245 24 
176 246 24 
177 247 24 
178 248 24 
179 248 24 
180 249 24 
181 249 24 
182 249 24 
V
Segmentation 0
244 237 25 
245 236 25 
246 236 25 
247 236 25 
248 235 25 
249 234 25 
249 233 25 
249 232 25 
248 231 25 
248 230 25 
249 229 25 
249 228 25 
249 227 25 
248 226 25 
247 225 25 
246 225 25 
245 225 25 
244 225 25 
243 226 25 
242 227 25 
241 228 25 
240 229 25 
239 229 25 
238 230 25 
238 231 25 
238 232 25 
238 233 25 
239 234 25 
240 234 25 
241 235 25 
242 236 25 
243 236 25 
244 237 25 
V
