Segmentation 0
288 170 15 
289 169 15 
290 169 15 
291 169 15 
292 168 15 
291 167 15 
290 167 15 
289 166 15 
288 166 15 
287 166 15 
286 166 15 
285 166 15 
284 166 15 
283 167 15 
284 168 15 
285 169 15 
286 169 15 
287 170 15 
288 170 15 
V
Segmentation 0
257 182 16 
258 181 16 
259 180 16 
260 179 16 
260 178 16 
260 177 16 
260 176 16 
259 175 16 
259 174 16 
260 173 16 
261 173 16 
262 172 16 
263 171 16 
263 170 16 
263 169 16 
262 168 16 
262 167 16 
261 166 16 
262 165 16 
262 164 16 
261 163 16 
260 164 16 
259 164 16 
258 164 16 
257 164 16 
256 164 16 
255 165 16 
254 165 16 
253 166 16 
253 167 16 
253 168 16 
253 169 16 
253 170 16 
253 171 16 
252 172 16 
251 173 16 
251 174 16 
251 175 16 
250 176 16 
250 177 16 
250 178 16 
250 179 16 
250 180 16 
251 181 16 
252 181 16 
253 181 16 
254 181 16 
255 182 16 
256 182 16 
257 182 16 
V
Segmentation 1
262 404 16 
263 403 16 
264 402 16 
265 402 16 
266 401 16 
267 400 16 
268 399 16 
268 398 16 
269 397 16 
270 397 16 
271 396 16 
272 396 16 
273 396 16 
274 396 16 
275 395 16 
276 394 16 
277 394 16 
278 394 16 
279 393 16 
279 392 16 
278 391 16 
278 390 16 
278 389 16 
278 388 16 
278 387 16 
277 386 16 
277 385 16 
277 384 16 
278 383 16 
278 382 16 
278 381 16 
279 380 16 
279 379 16 
280 379 16 
281 379 16 
282 379 16 
283 380 16 
284 380 16 
285 380 16 
286 379 16 
287 378 16 
288 377 16 
288 376 16 
289 375 16 
289 374 16 
288 373 16 
288 372 16 
289 372 16 
290 372 16 
291 371 16 
291 370 16 
292 369 16 
293 368 16 
294 367 16 
294 366 16 
294 365 16 
294 364 16 
293 363 16 
292 363 16 
291 363 16 
290 362 16 
289 361 16 
289 360 16 
289 359 16 
289 358 16 
290 357 16 
291 356 16 
291 355 16 
292 354 16 
292 353 16 
292 352 16 
292 351 16 
292 350 16 
293 349 16 
294 348 16 
294 347 16 
294 346 16 
294 345 16 
294 344 16 
294 343 16 
295 342 16 
295 341 16 
296 340 16 
296 339 16 
297 338 16 
297 337 16 
297 336 16 
297 335 16 
297 334 16 
297 333 16 
298 332 16 
299 332 16 
300 331 16 
301 331 16 
302 330 16 
302 329 16 
302 328 16 
302 327 16 
302 326 16 
302 325 16 
302 324 16 
301 323 16 
300 322 16 
299 322 16 
299 321 16 
298 320 16 
297 320 16 
296 320 16 
295 321 16 
295 322 16 
295 323 16 
295 324 16 
294 325 16 
294 326 16 
294 327 16 
294 328 16 
294 329 16 
293 330 16 
293 331 16 
293 332 16 
293 333 16 
292 334 16 
292 335 16 
292 336 16 
291 337 16 
291 338 16 
291 339 16 
290 340 16 
290 341 16 
290 342 16 
289 343 16 
289 344 16 
288 345 16 
287 346 16 
286 347 16 
285 347 16 
284 347 16 
283 346 16 
282 345 16 
281 344 16 
280 343 16 
279 343 16 
278 343 16 
277 343 16 
276 344 16 
275 345 16 
275 346 16 
274 347 16 
275 348 16 
275 349 16 
275 350 16 
276 351 16 
276 352 16 
275 353 16 
274 354 16 
273 354 16 
272 355 16 
271 355 16 
270 356 16 
270 357 16 
270 358 16 
270 359 16 
270 360 16 
270 361 16 
269 361 16 
268 362 16 
267 363 16 
266 362 16 
265 362 16 
264 362 16 
263 361 16 
262 361 16 
261 362 16 
260 363 16 
260 364 16 
259 365 16 
259 366 16 
259 367 16 
259 368 16 
258 369 16 
257 369 16 
256 369 16 
255 369 16 
254 369 16 
253 369 16 
252 370 16 
251 371 16 
251 372 16 
252 373 16 
252 374 16 
252 375 16 
252 376 16 
252 377 16 
252 378 16 
252 379 16 
252 380 16 
252 381 16 
252 382 16 
252 383 16 
252 384 16 
252 385 16 
251 386 16 
250 386 16 
249 387 16 
248 387 16 
247 388 16 
247 389 16 
247 390 16 
247 391 16 
247 392 16 
247 393 16 
248 394 16 
249 394 16 
250 395 16 
251 395 16 
251 396 16 
251 397 16 
251 398 16 
251 399 16 
251 400 16 
251 401 16 
250 402 16 
251 403 16 
252 403 16 
253 404 16 
254 404 16 
255 404 16 
256 403 16 
257 403 16 
258 402 16 
258 401 16 
259 402 16 
260 403 16 
261 403 16 
262 404 16 
V
Segmentation 0
181 141 17 
182 140 17 
183 139 17 
183 138 17 
183 137 17 
183 136 17 
183 135 17 
184 134 17 
183 133 17 
182 132 17 
181 132 17 
180 131 17 
179 131 17 
178 132 17 
177 133 17 
176 134 17 
176 135 17 
176 136 17 
175 137 17 
176 138 17 
176 139 17 
177 140 17 
178 141 17 
179 141 17 
180 141 17 
181 141 17 
V
Segmentation 1
293 159 17 
294 158 17 
295 158 17 
296 158 17 
297 158 17 
298 157 17 
298 156 17 
298 155 17 
298 154 17 
297 153 17 
297 152 17 
297 151 17 
296 150 17 
295 150 17 
294 149 17 
293 149 17 
292 148 17 
291 149 17 
290 150 17 
289 150 17 
288 151 17 
287 152 17 
287 153 17 
287 154 17 
287 155 17 
287 156 17 
288 157 17 
289 158 17 
290 158 17 
291 159 17 
292 159 17 
293 159 17 
V
Segmentation 2
204 188 17 
205 187 17 
205 186 17 
205 185 17 
205 184 17 
206 183 17 
206 182 17 
206 181 17 
206 180 17 
206 179 17 
205 178 17 
205 177 17 
205 176 17 
205 175 17 
205 174 17 
204 173 17 
203 173 17 
202 172 17 
201 172 17 
200 171 17 
199 170 17 
198 169 17 
198 168 17 
197 167 17 
197 166 17 
196 165 17 
196 164 17 
196 163 17 
196 162 17 
197 161 17 
197 160 17 
197 159 17 
196 158 17 
195 157 17 
194 157 17 
193 157 17 
192 156 17 
191 156 17 
190 157 17 
189 157 17 
188 158 17 
188 159 17 
188 160 17 
188 161 17 
188 162 17 
188 163 17 
188 164 17 
188 165 17 
189 166 17 
190 167 17 
190 168 17 
190 169 17 
189 170 17 
189 171 17 
189 172 17 
189 173 17 
189 174 17 
189 175 17 
189 176 17 
189 177 17 
189 178 17 
189 179 17 
190 180 17 
190 181 17 
191 182 17 
192 182 17 
193 182 17 
194 183 17 
195 183 17 
196 183 17 
197 184 17 
198 185 17 
199 186 17 
200 187 17 
201 187 17 
202 188 17 
203 188 17 
204 188 17 
V
Segmentation 3
259 181 17 
260 180 17 
261 180 17 
262 180 17 
263 180 17 
264 179 17 
265 178 17 
265 177 17 
265 176 17 
266 175 17 
266 174 17 
266 173 17 
267 172 17 
267 171 17 
267 170 17 
267 169 17 
267 168 17 
267 167 17 
267 166 17 
268 165 17 
269 164 17 
269 163 17 
270 162 17 
270 161 17 
270 160 17 
270 159 17 
270 158 17 
269 157 17 
268 157 17 
267 157 17 
266 157 17 
265 156 17 
264 156 17 
263 156 17 
262 157 17 
261 157 17 
260 157 17 
259 157 17 
258 157 17 
257 156 17 
256 156 17 
255 156 17 
254 156 17 
253 156 17 
252 157 17 
252 158 17 
252 159 17 
252 160 17 
252 161 17 
252 162 17 
252 163 17 
252 164 17 
251 165 17 
250 165 17 
249 166 17 
249 167 17 
249 168 17 
249 169 17 
249 170 17 
248 171 17 
248 172 17 
249 173 17 
250 174 17 
251 174 17 
252 174 17 
253 174 17 
254 173 17 
255 173 17 
256 173 17 
257 174 17 
256 175 17 
256 176 17 
255 177 17 
255 178 17 
255 179 17 
256 180 17 
257 181 17 
258 181 17 
259 181 17 
V
Segmentation 4
173 171 17 
174 170 17 
175 169 17 
176 168 17 
176 167 17 
176 166 17 
175 165 17 
174 164 17 
173 164 17 
172 164 17 
171 164 17 
170 165 17 
169 166 17 
169 167 17 
169 168 17 
169 169 17 
170 170 17 
171 170 17 
172 171 17 
173 171 17 
V
Segmentation 5
159 210 17 
160 209 17 
160 208 17 
161 207 17 
162 206 17 
162 205 17 
162 204 17 
162 203 17 
162 202 17 
163 201 17 
163 200 17 
162 199 17 
161 198 17 
160 198 17 
159 197 17 
158 197 17 
157 197 17 
156 198 17 
155 199 17 
155 200 17 
155 201 17 
155 202 17 
154 203 17 
154 204 17 
154 205 17 
154 206 17 
155 207 17 
155 208 17 
156 209 17 
157 210 17 
158 210 17 
159 210 17 
V
Segmentation 6
301 317 17 
302 316 17 
303 316 17 
304 315 17 
305 314 17 
305 313 17 
304 312 17 
303 312 17 
303 311 17 
303 310 17 
302 309 17 
301 308 17 
300 307 17 
299 306 17 
298 306 17 
297 307 17 
296 307 17 
295 308 17 
294 308 17 
293 308 17 
292 309 17 
291 310 17 
291 311 17 
291 312 17 
291 313 17 
292 314 17 
292 315 17 
293 316 17 
294 316 17 
295 316 17 
296 316 17 
297 316 17 
298 317 17 
299 317 17 
300 317 17 
301 317 17 
V
Segmentation 7
258 402 17 
259 401 17 
260 400 17 
260 399 17 
261 398 17 
261 397 17 
262 396 17 
263 395 17 
264 395 17 
265 395 17 
266 396 17 
267 396 17 
268 397 17 
269 396 17 
269 395 17 
269 394 17 
269 393 17 
269 392 17 
269 391 17 
269 390 17 
269 389 17 
270 388 17 
271 388 17 
272 388 17 
272 389 17 
273 390 17 
274 390 17 
275 390 17 
276 390 17 
277 389 17 
278 388 17 
278 387 17 
278 386 17 
278 385 17 
277 384 17 
277 383 17 
277 382 17 
277 381 17 
277 380 17 
277 379 17 
278 378 17 
279 377 17 
280 376 17 
281 376 17 
282 377 17 
283 377 17 
284 378 17 
285 378 17 
286 378 17 
287 377 17 
288 376 17 
287 375 17 
288 374 17 
289 373 17 
290 372 17 
290 371 17 
291 370 17 
292 369 17 
293 368 17 
293 367 17 
293 366 17 
294 365 17 
294 364 17 
294 363 17 
293 362 17 
292 362 17 
291 362 17 
290 361 17 
289 361 17 
288 360 17 
288 359 17 
289 358 17 
289 357 17 
290 356 17 
290 355 17 
291 354 17 
291 353 17 
291 352 17 
292 351 17 
293 350 17 
293 349 17 
293 348 17 
294 347 17 
295 346 17 
295 345 17 
295 344 17 
294 343 17 
294 342 17 
294 341 17 
295 340 17 
296 340 17 
297 339 17 
298 339 17 
299 338 17 
299 337 17 
299 336 17 
299 335 17 
298 334 17 
297 333 17 
296 332 17 
295 332 17 
294 332 17 
293 331 17 
292 332 17 
292 333 17 
291 333 17 
290 333 17 
289 333 17 
288 332 17 
287 332 17 
286 332 17 
285 333 17 
284 334 17 
284 335 17 
284 336 17 
284 337 17 
283 338 17 
283 339 17 
283 340 17 
282 341 17 
281 340 17 
280 340 17 
280 339 17 
279 338 17 
278 337 17 
277 336 17 
276 337 17 
275 337 17 
274 338 17 
273 338 17 
272 339 17 
271 340 17 
270 341 17 
270 342 17 
271 343 17 
271 344 17 
271 345 17 
271 346 17 
272 347 17 
273 348 17 
273 349 17 
273 350 17 
273 351 17 
273 352 17 
273 353 17 
274 354 17 
275 354 17 
276 354 17 
277 355 17 
278 355 17 
279 356 17 
279 357 17 
278 358 17 
278 359 17 
277 360 17 
277 361 17 
276 362 17 
275 362 17 
274 361 17 
273 361 17 
272 360 17 
271 360 17 
270 360 17 
269 361 17 
268 362 17 
267 363 17 
267 364 17 
267 365 17 
267 366 17 
267 367 17 
266 368 17 
265 368 17 
264 369 17 
263 369 17 
262 370 17 
261 370 17 
260 370 17 
259 370 17 
258 370 17 
257 370 17 
256 371 17 
255 372 17 
255 373 17 
254 374 17 
254 375 17 
254 376 17 
253 377 17 
252 377 17 
251 378 17 
250 379 17 
250 380 17 
250 381 17 
250 382 17 
250 383 17 
250 384 17 
250 385 17 
251 386 17 
252 386 17 
253 387 17 
254 387 17 
254 388 17 
255 389 17 
255 390 17 
255 391 17 
254 392 17 
254 393 17 
253 394 17 
252 394 17 
251 395 17 
252 396 17 
252 397 17 
253 398 17 
253 399 17 
253 400 17 
254 401 17 
255 402 17 
256 402 17 
257 402 17 
258 402 17 
V
Segmentation 0
180 143 18 
181 142 18 
182 142 18 
183 141 18 
184 140 18 
184 139 18 
184 138 18 
184 137 18 
184 136 18 
184 135 18 
183 134 18 
182 134 18 
181 133 18 
180 133 18 
179 134 18 
178 134 18 
177 135 18 
176 136 18 
176 137 18 
176 138 18 
175 139 18 
175 140 18 
176 141 18 
177 142 18 
178 142 18 
179 143 18 
180 143 18 
V
Segmentation 1
191 181 18 
192 180 18 
193 179 18 
193 178 18 
193 177 18 
192 176 18 
192 175 18 
192 174 18 
192 173 18 
191 172 18 
192 171 18 
192 170 18 
193 169 18 
194 169 18 
195 169 18 
196 170 18 
197 170 18 
198 169 18 
199 168 18 
199 167 18 
200 167 18 
201 167 18 
202 166 18 
203 166 18 
204 166 18 
205 165 18 
206 164 18 
206 163 18 
205 162 18 
205 161 18 
205 160 18 
205 159 18 
204 158 18 
203 157 18 
202 157 18 
201 157 18 
200 156 18 
199 156 18 
198 156 18 
197 156 18 
196 155 18 
195 155 18 
194 154 18 
193 154 18 
192 154 18 
191 155 18 
190 156 18 
189 157 18 
188 158 18 
187 158 18 
186 157 18 
185 157 18 
184 156 18 
183 157 18 
182 157 18 
181 158 18 
181 159 18 
181 160 18 
180 161 18 
180 162 18 
180 163 18 
180 164 18 
180 165 18 
181 166 18 
182 167 18 
182 168 18 
182 169 18 
181 170 18 
181 171 18 
181 172 18 
181 173 18 
181 174 18 
182 175 18 
182 176 18 
182 177 18 
182 178 18 
182 179 18 
183 180 18 
184 181 18 
185 181 18 
186 181 18 
187 181 18 
188 181 18 
189 181 18 
190 181 18 
191 181 18 
V
Segmentation 2
267 181 18 
268 180 18 
269 179 18 
270 178 18 
270 177 18 
270 176 18 
271 175 18 
271 174 18 
271 173 18 
270 172 18 
270 171 18 
270 170 18 
270 169 18 
270 168 18 
270 167 18 
269 166 18 
268 165 18 
268 164 18 
268 163 18 
269 162 18 
269 161 18 
269 160 18 
269 159 18 
270 158 18 
269 157 18 
268 157 18 
267 156 18 
266 156 18 
265 156 18 
264 155 18 
263 155 18 
262 155 18 
261 156 18 
260 155 18 
259 155 18 
258 155 18 
257 154 18 
256 154 18 
255 154 18 
254 155 18 
253 156 18 
252 157 18 
251 158 18 
251 159 18 
251 160 18 
252 161 18 
252 162 18 
253 163 18 
253 164 18 
253 165 18 
252 166 18 
252 167 18 
251 168 18 
250 169 18 
250 170 18 
251 171 18 
252 171 18 
253 171 18 
254 170 18 
255 170 18 
256 169 18 
257 169 18 
258 169 18 
259 169 18 
260 170 18 
261 170 18 
261 171 18 
262 172 18 
262 173 18 
262 174 18 
261 175 18 
261 176 18 
261 177 18 
261 178 18 
262 179 18 
263 180 18 
264 181 18 
265 181 18 
266 181 18 
267 181 18 
V
Segmentation 3
281 168 18 
282 167 18 
283 166 18 
283 165 18 
284 164 18 
284 163 18 
284 162 18 
284 161 18 
284 160 18 
284 159 18 
283 158 18 
282 157 18 
281 157 18 
281 156 18 
280 155 18 
279 155 18 
278 155 18 
277 156 18 
277 157 18 
276 158 18 
276 159 18 
276 160 18 
276 161 18 
276 162 18 
276 163 18 
276 164 18 
276 165 18 
276 166 18 
277 167 18 
278 168 18 
279 168 18 
280 168 18 
281 168 18 
V
Segmentation 4
289 330 18 
290 329 18 
291 329 18 
292 328 18 
293 327 18 
293 326 18 
294 325 18 
295 324 18 
295 323 18 
295 322 18 
295 321 18 
295 320 18 
295 319 18 
295 318 18 
295 317 18 
296 316 18 
296 315 18 
296 314 18 
295 313 18 
295 312 18 
295 311 18 
295 310 18 
294 309 18 
293 309 18 
292 308 18 
291 307 18 
292 306 18 
292 305 18 
292 304 18 
292 303 18 
292 302 18 
292 301 18 
292 300 18 
291 299 18 
290 299 18 
289 299 18 
288 298 18 
287 298 18 
286 298 18 
285 298 18 
284 299 18 
283 300 18 
284 301 18 
284 302 18 
284 303 18 
285 304 18 
285 305 18 
286 306 18 
286 307 18 
287 308 18 
287 309 18 
288 310 18 
288 311 18 
288 312 18 
288 313 18 
288 314 18 
288 315 18 
288 316 18 
288 317 18 
288 318 18 
289 319 18 
289 320 18 
289 321 18 
289 322 18 
289 323 18 
289 324 18 
289 325 18 
288 326 18 
288 327 18 
288 328 18 
288 329 18 
289 330 18 
V
Segmentation 5
163 365 18 
164 364 18 
165 364 18 
166 364 18 
167 363 18 
168 363 18 
169 363 18 
170 363 18 
171 362 18 
172 361 18 
172 360 18 
172 359 18 
172 358 18 
172 357 18 
171 356 18 
171 355 18 
171 354 18 
171 353 18 
171 352 18 
171 351 18 
172 350 18 
172 349 18 
172 348 18 
173 348 18 
174 348 18 
175 348 18 
176 348 18 
177 348 18 
178 347 18 
178 346 18 
178 345 18 
177 344 18 
177 343 18 
177 342 18 
176 341 18 
176 340 18 
175 339 18 
174 338 18 
173 338 18 
172 339 18 
171 340 18 
171 341 18 
171 342 18 
170 343 18 
170 344 18 
169 345 18 
168 345 18 
168 344 18 
167 343 18 
166 342 18 
165 341 18 
165 340 18 
164 339 18 
163 338 18 
162 337 18 
162 336 18 
161 335 18 
160 335 18 
159 335 18 
158 336 18 
158 337 18 
158 338 18 
158 339 18 
158 340 18 
158 341 18 
158 342 18 
159 343 18 
159 344 18 
159 345 18 
160 346 18 
161 347 18 
162 347 18 
163 348 18 
163 349 18 
163 350 18 
163 351 18 
163 352 18 
163 353 18 
163 354 18 
163 355 18 
162 355 18 
161 356 18 
161 357 18 
161 358 18 
161 359 18 
161 360 18 
161 361 18 
161 362 18 
161 363 18 
162 364 18 
163 365 18 
V
Segmentation 6
271 382 18 
272 381 18 
273 381 18 
274 381 18 
275 380 18 
276 379 18 
277 378 18 
278 377 18 
279 376 18 
279 375 18 
280 374 18 
280 373 18 
281 372 18 
282 371 18 
283 370 18 
284 369 18 
285 368 18 
284 367 18 
284 366 18 
283 365 18 
282 364 18 
281 364 18 
280 363 18 
279 363 18 
278 362 18 
279 361 18 
279 360 18 
279 359 18 
280 358 18 
280 357 18 
280 356 18 
280 355 18 
279 354 18 
278 353 18 
277 353 18 
276 352 18 
275 353 18 
274 353 18 
273 354 18 
272 355 18 
271 356 18 
271 357 18 
271 358 18 
271 359 18 
271 360 18 
270 361 18 
269 361 18 
268 362 18 
267 362 18 
266 363 18 
266 364 18 
266 365 18 
266 366 18 
267 367 18 
267 368 18 
267 369 18 
266 370 18 
266 371 18 
265 372 18 
264 372 18 
263 373 18 
263 374 18 
263 375 18 
263 376 18 
263 377 18 
264 378 18 
265 377 18 
266 377 18 
266 378 18 
267 379 18 
268 380 18 
269 380 18 
270 381 18 
271 382 18 
V
Segmentation 0
185 183 19 
186 182 19 
187 182 19 
188 182 19 
189 182 19 
190 181 19 
191 180 19 
191 179 19 
191 178 19 
191 177 19 
191 176 19 
190 175 19 
190 174 19 
190 173 19 
191 172 19 
191 171 19 
192 171 19 
193 170 19 
194 170 19 
195 170 19 
196 170 19 
197 170 19 
198 170 19 
199 171 19 
200 170 19 
200 169 19 
201 168 19 
201 167 19 
201 166 19 
200 165 19 
199 164 19 
198 164 19 
197 163 19 
196 162 19 
195 162 19 
195 161 19 
195 160 19 
196 159 19 
196 158 19 
196 157 19 
195 156 19 
194 155 19 
193 155 19 
193 154 19 
192 153 19 
191 153 19 
190 153 19 
189 154 19 
188 154 19 
187 155 19 
186 155 19 
185 155 19 
184 155 19 
183 156 19 
182 156 19 
181 157 19 
180 157 19 
179 158 19 
179 159 19 
179 160 19 
179 161 19 
179 162 19 
179 163 19 
179 164 19 
178 165 19 
177 165 19 
176 165 19 
175 165 19 
174 166 19 
174 167 19 
174 168 19 
174 169 19 
173 170 19 
173 171 19 
173 172 19 
174 173 19 
175 174 19 
176 175 19 
177 175 19 
178 175 19 
179 175 19 
179 176 19 
179 177 19 
179 178 19 
179 179 19 
180 180 19 
181 181 19 
182 182 19 
183 183 19 
184 183 19 
185 183 19 
V
Segmentation 1
165 168 19 
166 167 19 
167 166 19 
168 165 19 
169 164 19 
170 164 19 
171 164 19 
172 163 19 
172 162 19 
173 161 19 
173 160 19 
173 159 19 
174 158 19 
174 157 19 
174 156 19 
173 155 19 
172 155 19 
171 154 19 
170 154 19 
169 154 19 
168 154 19 
167 155 19 
166 156 19 
165 157 19 
164 157 19 
163 157 19 
162 157 19 
161 157 19 
160 158 19 
159 159 19 
159 160 19 
158 161 19 
158 162 19 
158 163 19 
159 164 19 
160 165 19 
161 166 19 
162 167 19 
163 168 19 
164 168 19 
165 168 19 
V
Segmentation 2
268 183 19 
269 182 19 
270 181 19 
270 180 19 
270 179 19 
270 178 19 
270 177 19 
270 176 19 
270 175 19 
270 174 19 
271 174 19 
272 173 19 
273 173 19 
274 172 19 
273 171 19 
274 170 19 
274 169 19 
274 168 19 
273 167 19 
273 166 19 
273 165 19 
272 164 19 
271 163 19 
270 163 19 
269 163 19 
269 162 19 
269 161 19 
268 160 19 
268 159 19 
268 158 19 
268 157 19 
268 156 19 
267 155 19 
266 155 19 
265 154 19 
264 155 19 
263 155 19 
262 156 19 
261 156 19 
260 157 19 
260 158 19 
260 159 19 
260 160 19 
260 161 19 
260 162 19 
260 163 19 
259 164 19 
258 165 19 
257 166 19 
257 167 19 
256 168 19 
256 169 19 
257 170 19 
257 171 19 
258 172 19 
259 172 19 
260 172 19 
261 173 19 
262 174 19 
262 175 19 
263 176 19 
263 177 19 
263 178 19 
262 179 19 
262 180 19 
262 181 19 
262 182 19 
263 183 19 
264 183 19 
265 183 19 
266 183 19 
267 183 19 
268 183 19 
V
Segmentation 3
286 167 19 
287 166 19 
288 165 19 
289 164 19 
289 163 19 
290 162 19 
290 161 19 
290 160 19 
290 159 19 
289 158 19 
288 158 19 
287 157 19 
287 156 19 
286 155 19 
285 155 19 
284 155 19 
283 155 19 
282 156 19 
281 157 19 
281 158 19 
281 159 19 
280 160 19 
280 161 19 
280 162 19 
281 163 19 
281 164 19 
282 165 19 
283 166 19 
284 166 19 
285 167 19 
286 167 19 
V
Segmentation 4
332 195 19 
333 194 19 
333 193 19 
334 192 19 
334 191 19 
334 190 19 
334 189 19 
333 188 19 
332 187 19 
331 187 19 
330 186 19 
329 186 19 
328 186 19 
327 186 19 
326 186 19 
325 186 19 
324 187 19 
323 188 19 
323 189 19 
323 190 19 
324 191 19 
324 192 19 
324 193 19 
325 194 19 
326 195 19 
327 195 19 
328 195 19 
329 195 19 
330 195 19 
331 195 19 
332 195 19 
V
Segmentation 5
168 203 19 
169 202 19 
169 201 19 
170 200 19 
170 199 19 
170 198 19 
169 197 19 
169 196 19 
168 195 19 
167 194 19 
166 193 19 
165 192 19 
164 191 19 
163 190 19 
162 190 19 
161 190 19 
160 191 19 
160 192 19 
159 193 19 
158 194 19 
158 195 19 
158 196 19 
159 197 19 
159 198 19 
160 199 19 
161 199 19 
162 199 19 
163 199 19 
164 200 19 
164 201 19 
165 202 19 
166 203 19 
167 203 19 
168 203 19 
V
Segmentation 6
296 211 19 
297 210 19 
298 209 19 
298 208 19 
299 207 19 
298 206 19 
298 205 19 
297 204 19 
296 203 19 
295 203 19 
294 203 19 
293 202 19 
292 202 19 
291 202 19 
290 203 19 
290 204 19 
290 205 19 
290 206 19 
289 207 19 
289 208 19 
290 209 19 
291 210 19 
292 210 19 
293 211 19 
294 211 19 
295 211 19 
296 211 19 
V
Segmentation 7
289 356 19 
290 355 19 
291 354 19 
292 353 19 
292 352 19 
292 351 19 
292 350 19 
292 349 19 
292 348 19 
293 347 19 
294 346 19 
294 345 19 
294 344 19 
294 343 19 
294 342 19 
294 341 19 
294 340 19 
295 340 19 
296 339 19 
297 339 19 
298 338 19 
298 337 19 
298 336 19 
298 335 19 
298 334 19 
298 333 19 
298 332 19 
299 332 19 
300 332 19 
301 332 19 
302 332 19 
303 332 19 
304 332 19 
305 331 19 
306 330 19 
305 329 19 
305 328 19 
304 327 19 
304 326 19 
304 325 19 
304 324 19 
303 323 19 
302 323 19 
301 322 19 
300 322 19 
299 321 19 
298 322 19 
297 322 19 
296 322 19 
295 322 19 
294 322 19 
293 321 19 
292 321 19 
292 320 19 
291 319 19 
291 318 19 
291 317 19 
291 316 19 
292 315 19 
293 314 19 
293 313 19 
293 312 19 
293 311 19 
292 310 19 
292 309 19 
291 308 19 
290 308 19 
289 308 19 
288 308 19 
287 308 19 
286 308 19 
285 308 19 
284 308 19 
283 309 19 
283 310 19 
283 311 19 
283 312 19 
283 313 19 
283 314 19 
283 315 19 
283 316 19 
283 317 19 
284 318 19 
284 319 19 
284 320 19 
283 321 19 
283 322 19 
282 323 19 
282 324 19 
281 325 19 
281 326 19 
280 326 19 
279 327 19 
278 327 19 
277 327 19 
276 327 19 
275 326 19 
274 326 19 
273 326 19 
272 326 19 
271 327 19 
271 328 19 
271 329 19 
272 330 19 
272 331 19 
273 332 19 
273 333 19 
273 334 19 
273 335 19 
272 336 19 
272 337 19 
271 338 19 
271 339 19 
272 340 19 
273 340 19 
274 340 19 
275 340 19 
276 340 19 
277 341 19 
278 341 19 
279 341 19 
279 342 19 
280 343 19 
280 344 19 
280 345 19 
281 346 19 
282 346 19 
283 347 19 
283 348 19 
283 349 19 
283 350 19 
283 351 19 
283 352 19 
283 353 19 
284 354 19 
285 355 19 
286 355 19 
287 356 19 
288 356 19 
289 356 19 
V
Segmentation 8
167 349 19 
168 348 19 
169 348 19 
170 347 19 
171 346 19 
171 345 19 
171 344 19 
171 343 19 
172 342 19 
172 341 19 
171 340 19 
170 339 19 
169 339 19 
169 338 19 
169 337 19 
168 336 19 
167 337 19 
166 336 19 
165 335 19 
164 334 19 
164 333 19 
163 332 19 
163 331 19 
163 330 19 
163 329 19 
162 328 19 
162 327 19 
162 326 19 
162 325 19 
162 324 19 
161 323 19 
161 322 19 
160 321 19 
159 322 19 
158 322 19 
157 323 19 
156 323 19 
155 323 19 
154 324 19 
153 324 19 
152 325 19 
153 326 19 
153 327 19 
153 328 19 
153 329 19 
153 330 19 
154 331 19 
155 332 19 
156 332 19 
157 333 19 
158 333 19 
158 334 19 
158 335 19 
158 336 19 
157 337 19 
157 338 19 
158 339 19 
159 340 19 
160 341 19 
161 342 19 
161 343 19 
161 344 19 
161 345 19 
162 346 19 
162 347 19 
163 348 19 
164 349 19 
165 349 19 
166 349 19 
167 349 19 
V
Segmentation 9
161 385 19 
162 384 19 
161 383 19 
160 382 19 
160 381 19 
160 380 19 
159 379 19 
159 378 19 
158 377 19 
157 376 19 
156 376 19 
155 376 19 
154 376 19 
153 376 19 
152 377 19 
151 378 19 
151 379 19 
150 380 19 
150 381 19 
150 382 19 
151 383 19 
151 384 19 
152 385 19 
153 385 19 
154 385 19 
155 385 19 
156 385 19 
157 385 19 
158 385 19 
159 385 19 
160 385 19 
161 385 19 
V
Segmentation 10
181 391 19 
182 390 19 
183 390 19 
184 389 19 
185 389 19 
186 388 19 
187 387 19 
188 386 19 
188 385 19 
188 384 19 
188 383 19 
188 382 19 
188 381 19 
187 380 19 
186 380 19 
185 380 19 
184 379 19 
183 379 19 
182 379 19 
181 379 19 
180 380 19 
179 381 19 
179 382 19 
179 383 19 
179 384 19 
178 384 19 
177 384 19 
176 385 19 
176 386 19 
176 387 19 
177 388 19 
178 388 19 
179 389 19 
180 389 19 
180 390 19 
181 391 19 
V
Segmentation 0
192 197 20 
193 196 20 
194 196 20 
195 195 20 
196 194 20 
196 193 20 
196 192 20 
196 191 20 
197 190 20 
197 189 20 
198 189 20 
199 188 20 
200 187 20 
201 186 20 
201 185 20 
201 184 20 
202 183 20 
203 182 20 
204 181 20 
204 180 20 
204 179 20 
204 178 20 
204 177 20 
204 176 20 
204 175 20 
203 174 20 
203 173 20 
203 172 20 
203 171 20 
202 170 20 
201 170 20 
200 171 20 
199 171 20 
199 170 20 
199 169 20 
199 168 20 
199 167 20 
199 166 20 
198 165 20 
197 164 20 
196 163 20 
195 163 20 
194 163 20 
193 163 20 
192 163 20 
191 164 20 
190 163 20 
189 162 20 
188 162 20 
187 162 20 
186 163 20 
185 164 20 
184 164 20 
183 164 20 
182 164 20 
181 164 20 
180 164 20 
179 164 20 
178 165 20 
177 165 20 
176 166 20 
176 167 20 
176 168 20 
176 169 20 
176 170 20 
176 171 20 
176 172 20 
177 173 20 
178 174 20 
179 174 20 
180 175 20 
180 176 20 
180 177 20 
180 178 20 
180 179 20 
180 180 20 
180 181 20 
180 182 20 
181 183 20 
181 184 20 
181 185 20 
182 186 20 
182 187 20 
182 188 20 
183 189 20 
184 189 20 
185 189 20 
186 189 20 
187 189 20 
188 190 20 
188 191 20 
188 192 20 
188 193 20 
188 194 20 
189 195 20 
189 196 20 
190 197 20 
191 197 20 
192 197 20 
V
Segmentation 1
263 198 20 
264 197 20 
265 196 20 
266 195 20 
267 195 20 
268 195 20 
269 194 20 
270 193 20 
270 192 20 
270 191 20 
270 190 20 
270 189 20 
271 188 20 
272 188 20 
273 187 20 
273 186 20 
273 185 20 
273 184 20 
273 183 20 
273 182 20 
272 181 20 
273 180 20 
274 179 20 
275 178 20 
275 177 20 
275 176 20 
274 175 20 
274 174 20 
274 173 20 
273 172 20 
272 171 20 
271 171 20 
270 171 20 
269 172 20 
268 172 20 
267 173 20 
266 173 20 
265 173 20 
265 172 20 
264 171 20 
264 170 20 
264 169 20 
264 168 20 
264 167 20 
263 166 20 
262 166 20 
261 165 20 
260 165 20 
259 164 20 
258 165 20 
257 165 20 
256 166 20 
256 167 20 
256 168 20 
256 169 20 
255 170 20 
255 171 20 
255 172 20 
255 173 20 
255 174 20 
254 174 20 
253 174 20 
252 175 20 
252 176 20 
252 177 20 
251 178 20 
251 179 20 
250 180 20 
250 181 20 
250 182 20 
251 183 20 
252 184 20 
252 185 20 
252 186 20 
252 187 20 
252 188 20 
252 189 20 
252 190 20 
252 191 20 
253 192 20 
254 193 20 
255 194 20 
256 195 20 
257 196 20 
258 196 20 
259 197 20 
260 198 20 
261 198 20 
262 198 20 
263 198 20 
V
Segmentation 2
165 215 20 
166 214 20 
167 213 20 
167 212 20 
168 211 20 
168 210 20 
169 209 20 
169 208 20 
170 207 20 
171 207 20 
172 207 20 
173 206 20 
174 206 20 
175 206 20 
176 205 20 
176 204 20 
176 203 20 
176 202 20 
176 201 20 
175 200 20 
175 199 20 
174 198 20 
174 197 20 
173 196 20 
172 196 20 
171 196 20 
170 196 20 
169 197 20 
168 197 20 
167 197 20 
166 197 20 
166 196 20 
166 195 20 
166 194 20 
165 193 20 
165 192 20 
165 191 20 
165 190 20 
165 189 20 
164 188 20 
163 188 20 
162 188 20 
161 187 20 
160 187 20 
159 187 20 
158 187 20 
157 188 20 
157 189 20 
156 190 20 
156 191 20 
156 192 20 
156 193 20 
155 194 20 
154 194 20 
153 195 20 
152 195 20 
151 196 20 
151 197 20 
151 198 20 
151 199 20 
150 200 20 
150 201 20 
150 202 20 
150 203 20 
150 204 20 
150 205 20 
150 206 20 
150 207 20 
150 208 20 
149 209 20 
149 210 20 
148 211 20 
148 212 20 
149 213 20 
150 214 20 
151 214 20 
152 214 20 
153 214 20 
154 215 20 
155 215 20 
156 214 20 
157 213 20 
158 212 20 
159 212 20 
160 213 20 
161 214 20 
162 214 20 
163 215 20 
164 215 20 
165 215 20 
V
Segmentation 3
132 221 20 
133 220 20 
134 219 20 
135 218 20 
136 218 20 
137 217 20 
137 216 20 
136 215 20 
137 214 20 
138 214 20 
139 213 20 
140 213 20 
141 212 20 
142 212 20 
143 211 20 
143 210 20 
143 209 20 
142 208 20 
142 207 20 
142 206 20 
142 205 20 
141 204 20 
140 204 20 
139 204 20 
138 204 20 
137 203 20 
136 203 20 
135 204 20 
134 204 20 
133 205 20 
132 205 20 
131 205 20 
130 206 20 
129 206 20 
128 206 20 
127 207 20 
126 208 20 
126 209 20 
127 210 20 
127 211 20 
127 212 20 
126 213 20 
126 214 20 
126 215 20 
126 216 20 
127 217 20 
127 218 20 
126 219 20 
127 220 20 
128 220 20 
129 221 20 
130 221 20 
131 221 20 
132 221 20 
V
Segmentation 4
282 349 20 
283 348 20 
284 347 20 
285 347 20 
286 346 20 
287 345 20 
287 344 20 
287 343 20 
286 342 20 
286 341 20 
286 340 20 
286 339 20 
287 339 20 
288 338 20 
288 337 20 
289 337 20 
290 337 20 
291 337 20 
292 337 20 
293 336 20 
293 335 20 
294 334 20 
294 333 20 
293 332 20 
292 331 20 
291 330 20 
290 329 20 
289 328 20 
288 328 20 
287 327 20 
287 326 20 
287 325 20 
286 324 20 
285 324 20 
284 324 20 
283 324 20 
283 323 20 
282 322 20 
281 323 20 
280 323 20 
279 323 20 
278 324 20 
278 325 20 
278 326 20 
278 327 20 
278 328 20 
278 329 20 
278 330 20 
278 331 20 
277 331 20 
276 332 20 
275 333 20 
274 333 20 
273 334 20 
273 335 20 
272 336 20 
271 337 20 
270 337 20 
269 338 20 
268 338 20 
267 339 20 
267 340 20 
268 341 20 
269 341 20 
270 342 20 
271 342 20 
272 343 20 
273 344 20 
274 344 20 
275 344 20 
276 344 20 
277 344 20 
278 345 20 
279 346 20 
279 347 20 
279 348 20 
280 349 20 
281 349 20 
282 349 20 
V
Segmentation 0
158 182 21 
159 181 21 
160 181 21 
161 180 21 
162 179 21 
162 178 21 
162 177 21 
161 176 21 
160 175 21 
159 174 21 
158 173 21 
157 173 21 
156 173 21 
155 173 21 
154 172 21 
153 171 21 
152 170 21 
151 170 21 
150 170 21 
149 171 21 
149 172 21 
149 173 21 
150 174 21 
150 175 21 
150 176 21 
150 177 21 
151 178 21 
152 179 21 
153 180 21 
153 181 21 
154 182 21 
155 182 21 
156 182 21 
157 182 21 
158 182 21 
V
Segmentation 1
201 212 21 
202 211 21 
202 210 21 
202 209 21 
201 208 21 
201 207 21 
201 206 21 
201 205 21 
200 204 21 
201 204 21 
202 204 21 
203 204 21 
204 204 21 
205 204 21 
206 203 21 
207 203 21 
208 202 21 
208 201 21 
208 200 21 
208 199 21 
208 198 21 
208 197 21 
208 196 21 
207 195 21 
206 195 21 
205 194 21 
205 193 21 
205 192 21 
205 191 21 
205 190 21 
205 189 21 
205 188 21 
204 187 21 
203 187 21 
202 186 21 
201 186 21 
200 185 21 
199 185 21 
199 184 21 
199 183 21 
199 182 21 
198 181 21 
197 180 21 
196 180 21 
195 179 21 
194 179 21 
193 179 21 
192 179 21 
191 179 21 
190 179 21 
189 179 21 
188 179 21 
187 180 21 
186 180 21 
185 180 21 
184 181 21 
183 181 21 
182 182 21 
182 183 21 
182 184 21 
182 185 21 
182 186 21 
182 187 21 
182 188 21 
181 189 21 
181 190 21 
181 191 21 
181 192 21 
182 193 21 
182 194 21 
182 195 21 
182 196 21 
182 197 21 
182 198 21 
183 199 21 
183 200 21 
183 201 21 
183 202 21 
183 203 21 
183 204 21 
184 205 21 
185 205 21 
186 205 21 
187 205 21 
188 205 21 
189 204 21 
190 204 21 
191 204 21 
192 204 21 
193 204 21 
193 205 21 
193 206 21 
193 207 21 
193 208 21 
193 209 21 
193 210 21 
193 211 21 
194 212 21 
195 212 21 
196 212 21 
197 212 21 
198 212 21 
199 212 21 
200 212 21 
201 212 21 
V
Segmentation 2
162 204 21 
163 203 21 
163 202 21 
162 201 21 
162 200 21 
162 199 21 
162 198 21 
162 197 21 
161 196 21 
160 196 21 
160 195 21 
160 194 21 
159 193 21 
158 192 21 
157 191 21 
156 191 21 
155 191 21 
154 192 21 
153 193 21 
152 194 21 
152 195 21 
152 196 21 
152 197 21 
153 198 21 
153 199 21 
153 200 21 
154 201 21 
155 202 21 
156 202 21 
157 203 21 
158 203 21 
159 204 21 
160 204 21 
161 204 21 
162 204 21 
V
Segmentation 3
262 218 21 
263 217 21 
264 216 21 
264 215 21 
265 214 21 
266 213 21 
266 212 21 
266 211 21 
265 210 21 
264 209 21 
263 208 21 
263 207 21 
263 206 21 
263 205 21 
264 204 21 
265 203 21 
266 202 21 
265 201 21 
265 200 21 
264 199 21 
264 198 21 
264 197 21 
263 196 21 
263 195 21 
262 194 21 
261 194 21 
260 194 21 
259 195 21 
258 196 21 
257 197 21 
256 198 21 
256 199 21 
257 200 21 
257 201 21 
257 202 21 
257 203 21 
258 204 21 
258 205 21 
258 206 21 
257 207 21 
257 208 21 
256 209 21 
256 210 21 
256 211 21 
257 212 21 
257 213 21 
257 214 21 
257 215 21 
258 216 21 
259 217 21 
260 218 21 
261 218 21 
262 218 21 
V
Segmentation 4
320 244 21 
321 243 21 
322 242 21 
322 241 21 
322 240 21 
322 239 21 
322 238 21 
322 237 21 
322 236 21 
323 235 21 
324 234 21 
325 234 21 
326 233 21 
326 232 21 
326 231 21 
326 230 21 
327 229 21 
327 228 21 
327 227 21 
328 227 21 
329 226 21 
330 226 21 
331 225 21 
331 224 21 
331 223 21 
331 222 21 
332 221 21 
331 220 21 
330 219 21 
329 219 21 
328 218 21 
327 218 21 
326 217 21 
325 218 21 
324 219 21 
323 220 21 
322 219 21 
321 219 21 
320 219 21 
319 219 21 
318 219 21 
317 218 21 
316 219 21 
315 220 21 
315 221 21 
315 222 21 
315 223 21 
315 224 21 
316 225 21 
316 226 21 
317 227 21 
317 228 21 
316 229 21 
316 230 21 
315 229 21 
314 229 21 
313 229 21 
312 229 21 
311 229 21 
310 229 21 
309 230 21 
309 231 21 
309 232 21 
309 233 21 
309 234 21 
309 235 21 
309 236 21 
310 237 21 
311 237 21 
312 238 21 
311 239 21 
311 240 21 
311 241 21 
312 242 21 
313 243 21 
314 243 21 
315 243 21 
316 244 21 
317 244 21 
318 244 21 
319 244 21 
320 244 21 
V
Segmentation 5
298 229 21 
299 228 21 
300 227 21 
300 226 21 
300 225 21 
300 224 21 
300 223 21 
299 222 21 
298 221 21 
297 220 21 
296 220 21 
295 220 21 
294 221 21 
293 221 21 
292 222 21 
291 223 21 
291 224 21 
291 225 21 
291 226 21 
291 227 21 
291 228 21 
292 229 21 
293 229 21 
294 229 21 
295 229 21 
296 229 21 
297 229 21 
298 229 21 
V
Segmentation 6
269 251 21 
270 250 21 
271 249 21 
271 248 21 
271 247 21 
271 246 21 
272 245 21 
271 244 21 
270 243 21 
269 242 21 
268 241 21 
267 241 21 
266 242 21 
265 242 21 
264 242 21 
263 243 21 
262 243 21 
261 244 21 
261 245 21 
261 246 21 
261 247 21 
261 248 21 
261 249 21 
262 250 21 
263 251 21 
264 251 21 
265 251 21 
266 251 21 
267 251 21 
268 251 21 
269 251 21 
V
Segmentation 7
271 289 21 
272 288 21 
273 287 21 
274 287 21 
275 286 21 
276 286 21 
277 286 21 
278 285 21 
278 284 21 
279 283 21 
280 282 21 
280 281 21 
279 280 21 
278 280 21 
278 279 21 
277 278 21 
277 277 21 
277 276 21 
276 275 21 
276 274 21 
275 273 21 
275 272 21 
274 271 21 
274 270 21 
274 269 21 
275 268 21 
275 267 21 
275 266 21 
275 265 21 
274 264 21 
274 263 21 
274 262 21 
273 261 21 
272 261 21 
271 260 21 
270 260 21 
269 259 21 
268 259 21 
267 260 21 
266 260 21 
265 261 21 
265 262 21 
265 263 21 
266 264 21 
266 265 21 
266 266 21 
267 267 21 
267 268 21 
267 269 21 
268 270 21 
268 271 21 
268 272 21 
268 273 21 
268 274 21 
268 275 21 
268 276 21 
268 277 21 
268 278 21 
269 279 21 
269 280 21 
269 281 21 
269 282 21 
270 283 21 
270 284 21 
270 285 21 
270 286 21 
270 287 21 
270 288 21 
271 289 21 
V
Segmentation 8
279 349 21 
280 348 21 
281 347 21 
281 346 21 
281 345 21 
282 344 21 
283 343 21 
283 342 21 
283 341 21 
283 340 21 
283 339 21 
283 338 21 
283 337 21 
283 336 21 
283 335 21 
282 334 21 
282 333 21 
281 332 21 
280 332 21 
279 331 21 
278 331 21 
278 330 21 
278 329 21 
278 328 21 
278 327 21 
278 326 21 
278 325 21 
279 324 21 
279 323 21 
278 322 21 
277 321 21 
276 321 21 
275 321 21 
274 322 21 
273 322 21 
272 322 21 
271 322 21 
270 323 21 
269 323 21 
268 323 21 
267 322 21 
266 322 21 
265 323 21 
264 323 21 
263 324 21 
262 325 21 
261 326 21 
261 327 21 
261 328 21 
261 329 21 
262 330 21 
261 331 21 
262 332 21 
263 333 21 
264 333 21 
265 333 21 
266 333 21 
267 333 21 
267 334 21 
267 335 21 
267 336 21 
268 337 21 
268 338 21 
268 339 21 
269 340 21 
270 340 21 
271 340 21 
272 341 21 
272 342 21 
272 343 21 
272 344 21 
272 345 21 
272 346 21 
272 347 21 
273 348 21 
274 349 21 
275 349 21 
276 349 21 
277 349 21 
278 349 21 
279 349 21 
V
Segmentation 9
169 338 21 
170 337 21 
171 337 21 
172 336 21 
172 335 21 
172 334 21 
172 333 21 
172 332 21 
172 331 21 
172 330 21 
171 329 21 
171 328 21 
170 327 21 
169 327 21 
168 327 21 
167 328 21 
166 329 21 
165 329 21 
164 330 21 
164 331 21 
164 332 21 
164 333 21 
164 334 21 
164 335 21 
164 336 21 
164 337 21 
165 338 21 
166 338 21 
167 338 21 
168 338 21 
169 338 21 
V
Segmentation 0
188 284 22 
189 283 22 
189 282 22 
189 281 22 
189 280 22 
190 279 22 
190 278 22 
189 277 22 
189 276 22 
189 275 22 
189 274 22 
189 273 22 
190 272 22 
190 271 22 
190 270 22 
191 269 22 
191 268 22 
192 267 22 
192 266 22 
192 265 22 
192 264 22 
193 263 22 
193 262 22 
193 261 22 
193 260 22 
194 259 22 
194 258 22 
194 257 22 
194 256 22 
194 255 22 
194 254 22 
194 253 22 
195 252 22 
195 251 22 
195 250 22 
195 249 22 
195 248 22 
196 247 22 
196 246 22 
196 245 22 
196 244 22 
196 243 22 
196 242 22 
197 241 22 
197 240 22 
197 239 22 
197 238 22 
197 237 22 
198 236 22 
198 235 22 
198 234 22 
199 233 22 
199 232 22 
199 231 22 
199 230 22 
198 229 22 
198 228 22 
198 227 22 
199 226 22 
200 225 22 
200 224 22 
201 223 22 
202 222 22 
202 221 22 
203 220 22 
204 219 22 
203 218 22 
202 217 22 
202 216 22 
202 215 22 
201 214 22 
202 213 22 
202 212 22 
203 211 22 
204 211 22 
205 210 22 
205 209 22 
205 208 22 
205 207 22 
205 206 22 
205 205 22 
204 204 22 
203 204 22 
202 204 22 
201 203 22 
200 202 22 
199 203 22 
198 203 22 
197 204 22 
196 204 22 
195 204 22 
194 204 22 
193 204 22 
192 203 22 
191 204 22 
190 204 22 
189 205 22 
188 205 22 
187 206 22 
187 207 22 
187 208 22 
187 209 22 
187 210 22 
186 211 22 
185 212 22 
184 213 22 
184 214 22 
184 215 22 
184 216 22 
184 217 22 
184 218 22 
184 219 22 
183 219 22 
182 219 22 
181 220 22 
180 220 22 
179 221 22 
179 222 22 
179 223 22 
179 224 22 
179 225 22 
179 226 22 
179 227 22 
180 228 22 
181 228 22 
182 229 22 
183 229 22 
184 229 22 
184 230 22 
184 231 22 
184 232 22 
184 233 22 
184 234 22 
184 235 22 
185 236 22 
186 236 22 
187 237 22 
188 237 22 
188 238 22 
188 239 22 
188 240 22 
188 241 22 
188 242 22 
188 243 22 
187 244 22 
186 245 22 
185 246 22 
185 247 22 
185 248 22 
185 249 22 
185 250 22 
185 251 22 
186 252 22 
186 253 22 
186 254 22 
186 255 22 
186 256 22 
186 257 22 
186 258 22 
185 259 22 
184 260 22 
183 261 22 
183 262 22 
183 263 22 
183 264 22 
183 265 22 
183 266 22 
182 267 22 
181 268 22 
181 269 22 
181 270 22 
181 271 22 
181 272 22 
182 273 22 
182 274 22 
182 275 22 
181 276 22 
181 277 22 
181 278 22 
181 279 22 
182 280 22 
182 281 22 
182 282 22 
182 283 22 
183 284 22 
184 284 22 
185 284 22 
186 284 22 
187 284 22 
188 284 22 
V
Segmentation 1
283 216 22 
284 215 22 
285 214 22 
286 214 22 
287 214 22 
288 213 22 
289 212 22 
289 211 22 
290 210 22 
290 209 22 
289 208 22 
289 207 22 
289 206 22 
289 205 22 
288 204 22 
287 203 22 
286 203 22 
285 204 22 
284 204 22 
283 205 22 
282 206 22 
281 206 22 
280 206 22 
279 206 22 
278 207 22 
277 208 22 
276 209 22 
276 210 22 
276 211 22 
277 212 22 
277 213 22 
277 214 22 
277 215 22 
278 216 22 
279 216 22 
280 215 22 
281 215 22 
282 215 22 
283 216 22 
V
Segmentation 2
264 261 22 
265 260 22 
266 260 22 
267 260 22 
268 260 22 
269 260 22 
270 260 22 
271 259 22 
271 258 22 
271 257 22 
271 256 22 
271 255 22 
271 254 22 
271 253 22 
271 252 22 
271 251 22 
270 250 22 
270 249 22 
271 248 22 
272 247 22 
272 246 22 
272 245 22 
272 244 22 
273 243 22 
273 242 22 
273 241 22 
273 240 22 
274 239 22 
274 238 22 
273 237 22 
272 236 22 
272 235 22 
272 234 22 
272 233 22 
272 232 22 
271 231 22 
271 230 22 
271 229 22 
272 228 22 
273 227 22 
274 226 22 
274 225 22 
274 224 22 
274 223 22 
274 222 22 
274 221 22 
274 220 22 
274 219 22 
273 218 22 
272 218 22 
271 217 22 
270 217 22 
269 218 22 
268 218 22 
267 218 22 
266 218 22 
265 217 22 
265 216 22 
264 215 22 
264 214 22 
263 213 22 
262 212 22 
261 212 22 
260 212 22 
259 212 22 
258 213 22 
257 213 22 
256 214 22 
255 215 22 
255 216 22 
255 217 22 
255 218 22 
256 219 22 
257 220 22 
258 221 22 
259 222 22 
260 223 22 
260 224 22 
260 225 22 
260 226 22 
260 227 22 
259 227 22 
258 227 22 
257 227 22 
256 227 22 
255 227 22 
254 228 22 
253 229 22 
253 230 22 
253 231 22 
253 232 22 
253 233 22 
253 234 22 
253 235 22 
254 236 22 
255 237 22 
256 237 22 
257 237 22 
258 237 22 
259 237 22 
259 238 22 
259 239 22 
259 240 22 
259 241 22 
260 242 22 
260 243 22 
259 244 22 
259 245 22 
260 246 22 
260 247 22 
261 248 22 
261 249 22 
261 250 22 
262 251 22 
262 252 22 
262 253 22 
262 254 22 
262 255 22 
262 256 22 
262 257 22 
262 258 22 
263 259 22 
263 260 22 
264 261 22 
V
Segmentation 3
168 231 22 
169 230 22 
170 229 22 
171 228 22 
171 227 22 
171 226 22 
171 225 22 
171 224 22 
171 223 22 
171 222 22 
170 221 22 
169 221 22 
168 220 22 
167 220 22 
166 221 22 
165 221 22 
164 222 22 
163 223 22 
162 224 22 
161 225 22 
161 226 22 
160 227 22 
160 228 22 
160 229 22 
161 230 22 
162 230 22 
163 230 22 
164 229 22 
165 229 22 
166 230 22 
167 230 22 
168 231 22 
V
Segmentation 4
318 234 22 
319 233 22 
320 233 22 
321 232 22 
321 231 22 
322 230 22 
323 229 22 
323 228 22 
323 227 22 
323 226 22 
322 225 22 
321 224 22 
320 224 22 
319 224 22 
318 224 22 
317 224 22 
316 225 22 
315 225 22 
314 226 22 
313 227 22 
312 228 22 
312 229 22 
313 230 22 
313 231 22 
314 232 22 
315 232 22 
316 233 22 
317 233 22 
318 234 22 
V
Segmentation 5
156 243 22 
157 242 22 
157 241 22 
158 240 22 
158 239 22 
158 238 22 
158 237 22 
157 236 22 
156 236 22 
155 236 22 
154 236 22 
153 236 22 
152 236 22 
151 236 22 
150 237 22 
150 238 22 
150 239 22 
150 240 22 
150 241 22 
151 242 22 
152 243 22 
153 243 22 
154 243 22 
155 243 22 
156 243 22 
V
Segmentation 6
181 313 22 
182 312 22 
183 312 22 
184 311 22 
185 310 22 
185 309 22 
184 308 22 
185 307 22 
186 307 22 
187 307 22 
188 307 22 
189 306 22 
189 305 22 
189 304 22 
190 303 22 
189 302 22 
188 301 22 
187 300 22 
186 299 22 
185 299 22 
184 298 22 
183 298 22 
183 297 22 
183 296 22 
184 295 22 
184 294 22 
184 293 22 
184 292 22 
183 291 22 
182 290 22 
181 290 22 
180 289 22 
179 290 22 
178 290 22 
177 290 22 
176 291 22 
175 292 22 
175 293 22 
175 294 22 
175 295 22 
175 296 22 
175 297 22 
175 298 22 
174 299 22 
173 299 22 
172 299 22 
171 299 22 
170 299 22 
169 299 22 
168 299 22 
167 299 22 
166 300 22 
165 301 22 
165 302 22 
165 303 22 
165 304 22 
164 305 22 
164 306 22 
164 307 22 
165 308 22 
166 309 22 
167 310 22 
168 310 22 
169 310 22 
170 309 22 
171 308 22 
172 308 22 
173 308 22 
174 308 22 
175 308 22 
176 308 22 
176 309 22 
176 310 22 
176 311 22 
177 312 22 
178 313 22 
179 313 22 
180 313 22 
181 313 22 
V
Segmentation 0
269 189 23 
270 188 23 
271 187 23 
271 186 23 
270 185 23 
270 184 23 
270 183 23 
271 182 23 
272 181 23 
273 180 23 
273 179 23 
273 178 23 
273 177 23 
272 176 23 
272 175 23 
271 174 23 
271 173 23 
270 172 23 
270 171 23 
269 170 23 
268 169 23 
267 169 23 
266 169 23 
265 169 23 
264 170 23 
263 170 23 
262 170 23 
261 171 23 
260 171 23 
259 172 23 
259 173 23 
260 174 23 
261 175 23 
261 176 23 
262 177 23 
262 178 23 
263 179 23 
263 180 23 
262 181 23 
261 182 23 
260 183 23 
260 184 23 
260 185 23 
261 186 23 
262 187 23 
262 188 23 
263 189 23 
264 189 23 
265 189 23 
266 189 23 
267 189 23 
268 189 23 
269 189 23 
V
Segmentation 1
160 245 23 
161 244 23 
162 244 23 
163 244 23 
164 243 23 
165 242 23 
165 241 23 
165 240 23 
165 239 23 
165 238 23 
165 237 23 
166 236 23 
166 235 23 
167 235 23 
168 234 23 
168 233 23 
169 233 23 
170 232 23 
170 231 23 
170 230 23 
169 229 23 
168 228 23 
167 227 23 
167 226 23 
166 225 23 
165 224 23 
164 224 23 
163 225 23 
162 226 23 
161 226 23 
160 226 23 
160 225 23 
159 224 23 
158 223 23 
158 222 23 
158 221 23 
158 220 23 
159 219 23 
158 218 23 
157 218 23 
156 218 23 
155 217 23 
154 217 23 
153 217 23 
152 218 23 
151 219 23 
150 219 23 
149 220 23 
148 220 23 
147 220 23 
146 219 23 
145 219 23 
144 219 23 
143 219 23 
142 219 23 
141 220 23 
140 221 23 
140 222 23 
140 223 23 
140 224 23 
140 225 23 
140 226 23 
140 227 23 
140 228 23 
141 229 23 
142 228 23 
143 229 23 
144 229 23 
145 230 23 
146 231 23 
146 232 23 
146 233 23 
145 234 23 
145 235 23 
144 236 23 
145 237 23 
146 237 23 
146 238 23 
146 239 23 
147 240 23 
148 241 23 
149 241 23 
150 241 23 
151 240 23 
152 239 23 
153 239 23 
154 238 23 
155 237 23 
156 237 23 
157 238 23 
157 239 23 
157 240 23 
157 241 23 
157 242 23 
157 243 23 
158 244 23 
159 244 23 
160 245 23 
V
Segmentation 2
310 255 23 
311 254 23 
312 254 23 
313 254 23 
314 254 23 
315 253 23 
316 252 23 
317 251 23 
317 250 23 
317 249 23 
316 248 23 
315 247 23 
314 246 23 
313 245 23 
312 246 23 
311 246 23 
310 247 23 
309 247 23 
308 247 23 
307 248 23 
306 248 23 
305 249 23 
305 250 23 
306 251 23 
306 252 23 
307 253 23 
308 254 23 
309 255 23 
310 255 23 
V
Segmentation 3
134 269 23 
135 268 23 
136 268 23 
137 268 23 
138 267 23 
138 266 23 
138 265 23 
137 264 23 
136 263 23 
136 262 23 
136 261 23 
135 260 23 
134 260 23 
133 261 23 
132 261 23 
131 261 23 
130 261 23 
129 261 23 
128 262 23 
128 263 23 
127 264 23 
127 265 23 
126 266 23 
127 267 23 
128 267 23 
129 267 23 
130 268 23 
131 269 23 
132 269 23 
133 269 23 
134 269 23 
V
Segmentation 0
202 158 24 
203 157 24 
204 157 24 
205 157 24 
206 157 24 
207 157 24 
208 156 24 
208 155 24 
208 154 24 
208 153 24 
208 152 24 
207 151 24 
206 150 24 
205 150 24 
204 149 24 
203 148 24 
202 149 24 
201 150 24 
201 151 24 
201 152 24 
201 153 24 
200 154 24 
200 155 24 
200 156 24 
199 157 24 
200 158 24 
201 158 24 
202 158 24 
V
Segmentation 1
184 173 24 
185 172 24 
185 171 24 
185 170 24 
185 169 24 
185 168 24 
185 167 24 
184 166 24 
183 166 24 
182 165 24 
181 165 24 
180 165 24 
179 166 24 
178 166 24 
177 167 24 
176 168 24 
176 169 24 
176 170 24 
177 171 24 
178 172 24 
179 173 24 
180 173 24 
181 173 24 
182 173 24 
183 173 24 
184 173 24 
V
Segmentation 2
314 252 24 
315 251 24 
316 251 24 
317 250 24 
318 250 24 
319 249 24 
319 248 24 
319 247 24 
319 246 24 
319 245 24 
319 244 24 
318 243 24 
317 243 24 
316 242 24 
315 242 24 
314 242 24 
313 242 24 
312 243 24 
311 243 24 
310 244 24 
310 245 24 
310 246 24 
310 247 24 
310 248 24 
310 249 24 
310 250 24 
311 251 24 
312 252 24 
313 252 24 
314 252 24 
V
Segmentation 0
259 251 25 
260 250 25 
261 250 25 
262 249 25 
263 248 25 
263 247 25 
263 246 25 
264 245 25 
263 244 25 
263 243 25 
262 242 25 
262 241 25 
262 240 25 
262 239 25 
261 238 25 
261 237 25 
262 236 25 
263 236 25 
264 235 25 
264 234 25 
264 233 25 
264 232 25 
264 231 25 
264 230 25 
264 229 25 
263 228 25 
262 228 25 
261 227 25 
260 227 25 
259 226 25 
258 227 25 
258 228 25 
257 228 25 
256 228 25 
255 229 25 
255 230 25 
254 231 25 
253 232 25 
254 233 25 
255 234 25 
256 235 25 
256 236 25 
257 237 25 
256 238 25 
256 239 25 
255 240 25 
255 241 25 
254 242 25 
253 243 25 
253 244 25 
254 245 25 
254 246 25 
255 247 25 
256 248 25 
257 249 25 
258 250 25 
259 251 25 
V
Segmentation 0
253 203 27 
254 202 27 
255 201 27 
255 200 27 
255 199 27 
256 198 27 
255 197 27 
254 196 27 
253 195 27 
252 194 27 
252 193 27 
251 192 27 
251 191 27 
251 190 27 
250 189 27 
249 189 27 
248 189 27 
247 188 27 
246 188 27 
245 188 27 
244 189 27 
243 190 27 
243 191 27 
243 192 27 
243 193 27 
243 194 27 
243 195 27 
243 196 27 
244 197 27 
245 197 27 
246 198 27 
247 199 27 
247 200 27 
247 201 27 
248 202 27 
249 202 27 
250 203 27 
251 203 27 
252 203 27 
253 203 27 
V
Segmentation 1
246 277 27 
247 276 27 
248 276 27 
249 276 27 
250 276 27 
251 276 27 
252 275 27 
252 274 27 
252 273 27 
252 272 27 
253 272 27 
254 272 27 
255 272 27 
256 271 27 
257 271 27 
258 270 27 
259 269 27 
259 268 27 
260 268 27 
261 268 27 
262 267 27 
263 267 27 
264 266 27 
265 265 27 
265 264 27 
265 263 27 
264 262 27 
264 261 27 
263 260 27 
262 260 27 
261 259 27 
260 258 27 
259 258 27 
258 259 27 
257 259 27 
256 260 27 
255 261 27 
254 261 27 
253 261 27 
252 261 27 
251 260 27 
250 261 27 
250 262 27 
250 263 27 
249 264 27 
249 265 27 
248 266 27 
248 267 27 
247 267 27 
246 268 27 
245 269 27 
245 270 27 
245 271 27 
244 272 27 
244 273 27 
244 274 27 
244 275 27 
245 276 27 
246 277 27 
V
