Segmentation 0
219 408 3 
220 407 3 
219 406 3 
218 407 3 
219 408 3 
V
Segmentation 1
221 411 3 
222 410 3 
221 409 3 
220 410 3 
221 411 3 
V
Segmentation 2
207 426 3 
208 425 3 
209 424 3 
208 423 3 
207 422 3 
206 423 3 
207 424 3 
206 425 3 
205 424 3 
204 425 3 
205 426 3 
206 425 3 
207 426 3 
V
Segmentation 0
249 407 5 
250 406 5 
251 405 5 
252 404 5 
253 403 5 
253 402 5 
254 402 5 
255 401 5 
256 400 5 
256 399 5 
257 398 5 
256 397 5 
256 396 5 
256 395 5 
255 394 5 
255 393 5 
254 392 5 
254 391 5 
253 390 5 
252 390 5 
251 390 5 
250 390 5 
249 391 5 
249 392 5 
249 393 5 
249 394 5 
248 395 5 
248 396 5 
247 397 5 
246 398 5 
246 399 5 
245 400 5 
244 401 5 
243 402 5 
243 403 5 
243 404 5 
244 405 5 
245 406 5 
246 407 5 
247 407 5 
248 407 5 
249 407 5 
V
Segmentation 1
268 404 5 
269 403 5 
270 402 5 
271 401 5 
272 401 5 
273 401 5 
274 400 5 
275 399 5 
276 398 5 
276 397 5 
276 396 5 
275 395 5 
274 394 5 
273 393 5 
272 393 5 
271 393 5 
270 394 5 
270 395 5 
269 396 5 
268 397 5 
267 397 5 
266 397 5 
265 397 5 
264 398 5 
263 399 5 
263 400 5 
263 401 5 
264 402 5 
265 402 5 
266 403 5 
267 404 5 
268 404 5 
V
Segmentation 2
227 425 5 
228 424 5 
227 423 5 
226 424 5 
227 425 5 
V
Segmentation 3
225 427 5 
226 426 5 
225 425 5 
224 426 5 
225 427 5 
V
Segmentation 0
234 253 15 
235 252 15 
234 251 15 
233 252 15 
234 253 15 
V
Segmentation 1
232 255 15 
233 254 15 
232 253 15 
231 253 15 
230 254 15 
231 255 15 
232 255 15 
V
