Segmentation 0
147 309 14 
148 308 14 
149 307 14 
150 307 14 
151 306 14 
152 306 14 
153 306 14 
154 306 14 
155 306 14 
156 307 14 
157 307 14 
158 306 14 
158 305 14 
158 304 14 
158 303 14 
158 302 14 
159 301 14 
159 300 14 
160 299 14 
161 299 14 
162 298 14 
162 297 14 
162 296 14 
162 295 14 
162 294 14 
162 293 14 
161 292 14 
160 291 14 
159 291 14 
158 291 14 
157 291 14 
156 291 14 
155 291 14 
154 291 14 
153 291 14 
152 290 14 
151 290 14 
150 290 14 
149 289 14 
148 290 14 
147 290 14 
146 291 14 
145 292 14 
144 293 14 
143 294 14 
143 295 14 
144 296 14 
144 297 14 
143 298 14 
142 299 14 
141 300 14 
140 301 14 
140 302 14 
140 303 14 
140 304 14 
140 305 14 
141 306 14 
142 307 14 
143 307 14 
144 308 14 
145 308 14 
146 309 14 
147 309 14 
V
Segmentation 1
248 430 14 
249 429 14 
250 428 14 
251 428 14 
252 427 14 
252 426 14 
253 425 14 
254 424 14 
255 423 14 
255 422 14 
255 421 14 
256 420 14 
257 419 14 
257 418 14 
258 417 14 
259 416 14 
260 415 14 
261 415 14 
262 415 14 
263 414 14 
264 413 14 
265 412 14 
266 411 14 
267 411 14 
268 411 14 
269 411 14 
270 411 14 
271 411 14 
272 411 14 
273 410 14 
274 410 14 
275 410 14 
276 409 14 
276 408 14 
276 407 14 
276 406 14 
277 406 14 
278 405 14 
279 405 14 
280 404 14 
281 404 14 
282 405 14 
283 405 14 
284 405 14 
285 405 14 
286 405 14 
287 404 14 
288 403 14 
288 402 14 
287 401 14 
287 400 14 
287 399 14 
287 398 14 
286 397 14 
285 396 14 
285 395 14 
285 394 14 
285 393 14 
284 392 14 
284 391 14 
284 390 14 
283 389 14 
282 388 14 
281 388 14 
280 388 14 
279 388 14 
278 388 14 
277 388 14 
276 387 14 
276 386 14 
276 385 14 
276 384 14 
275 383 14 
274 382 14 
273 383 14 
272 383 14 
271 384 14 
270 385 14 
269 385 14 
268 386 14 
267 387 14 
266 387 14 
265 386 14 
264 386 14 
263 386 14 
262 387 14 
261 388 14 
260 389 14 
260 390 14 
260 391 14 
260 392 14 
260 393 14 
260 394 14 
260 395 14 
260 396 14 
261 397 14 
262 397 14 
262 398 14 
262 399 14 
262 400 14 
262 401 14 
262 402 14 
262 403 14 
262 404 14 
262 405 14 
261 405 14 
260 405 14 
259 405 14 
258 405 14 
257 405 14 
256 404 14 
255 403 14 
254 402 14 
253 402 14 
252 402 14 
251 403 14 
250 403 14 
249 404 14 
248 405 14 
248 406 14 
248 407 14 
248 408 14 
248 409 14 
248 410 14 
247 411 14 
246 411 14 
245 411 14 
244 411 14 
243 411 14 
242 411 14 
241 410 14 
240 411 14 
239 411 14 
238 412 14 
238 413 14 
238 414 14 
238 415 14 
238 416 14 
238 417 14 
238 418 14 
238 419 14 
239 420 14 
240 421 14 
241 421 14 
242 422 14 
241 423 14 
241 424 14 
242 425 14 
242 426 14 
243 427 14 
244 428 14 
245 429 14 
246 429 14 
247 430 14 
248 430 14 
V
Segmentation 0
202 196 15 
203 195 15 
204 195 15 
205 194 15 
206 194 15 
207 193 15 
206 192 15 
206 191 15 
207 191 15 
208 191 15 
209 190 15 
209 189 15 
208 188 15 
207 188 15 
206 187 15 
205 186 15 
204 185 15 
203 184 15 
203 183 15 
203 182 15 
203 181 15 
203 180 15 
203 179 15 
203 178 15 
202 177 15 
201 176 15 
200 175 15 
199 175 15 
198 175 15 
197 176 15 
196 176 15 
195 176 15 
194 176 15 
193 175 15 
193 174 15 
192 173 15 
191 172 15 
190 172 15 
189 172 15 
188 172 15 
187 172 15 
186 171 15 
185 172 15 
184 173 15 
183 174 15 
183 175 15 
182 176 15 
182 177 15 
182 178 15 
182 179 15 
183 180 15 
183 181 15 
184 182 15 
185 183 15 
185 184 15 
186 185 15 
187 185 15 
187 186 15 
187 187 15 
188 188 15 
188 189 15 
188 190 15 
189 191 15 
189 192 15 
190 193 15 
191 193 15 
192 193 15 
193 193 15 
194 194 15 
195 194 15 
196 194 15 
197 194 15 
198 195 15 
199 195 15 
200 196 15 
201 196 15 
202 196 15 
V
Segmentation 1
262 194 15 
263 193 15 
264 192 15 
265 191 15 
266 190 15 
266 189 15 
266 188 15 
266 187 15 
267 186 15 
266 185 15 
265 184 15 
265 183 15 
264 182 15 
264 181 15 
263 180 15 
262 179 15 
261 179 15 
260 180 15 
259 181 15 
258 182 15 
257 183 15 
256 184 15 
256 185 15 
256 186 15 
256 187 15 
257 188 15 
258 189 15 
258 190 15 
258 191 15 
258 192 15 
259 193 15 
260 194 15 
261 194 15 
262 194 15 
V
Segmentation 2
159 317 15 
160 316 15 
160 315 15 
161 315 15 
162 314 15 
162 313 15 
162 312 15 
161 311 15 
161 310 15 
161 309 15 
161 308 15 
161 307 15 
161 306 15 
162 306 15 
163 306 15 
164 306 15 
165 305 15 
166 305 15 
167 304 15 
166 303 15 
165 302 15 
164 301 15 
163 300 15 
162 299 15 
161 299 15 
160 299 15 
159 298 15 
159 297 15 
159 296 15 
160 295 15 
161 295 15 
162 294 15 
162 293 15 
162 292 15 
162 291 15 
162 290 15 
161 289 15 
160 289 15 
159 289 15 
158 288 15 
157 288 15 
157 287 15 
157 286 15 
157 285 15 
157 284 15 
157 283 15 
156 282 15 
155 282 15 
154 282 15 
153 281 15 
152 281 15 
151 282 15 
150 282 15 
149 282 15 
148 283 15 
147 283 15 
146 284 15 
145 284 15 
144 283 15 
143 283 15 
142 282 15 
141 282 15 
140 282 15 
139 282 15 
139 281 15 
139 280 15 
139 279 15 
139 278 15 
138 277 15 
137 276 15 
136 276 15 
135 275 15 
134 275 15 
133 275 15 
132 275 15 
131 276 15 
130 277 15 
129 278 15 
129 279 15 
129 280 15 
130 281 15 
130 282 15 
131 283 15 
132 284 15 
133 285 15 
134 285 15 
134 286 15 
134 287 15 
135 288 15 
135 289 15 
136 290 15 
137 291 15 
138 292 15 
138 293 15 
139 294 15 
140 295 15 
140 296 15 
141 297 15 
141 298 15 
142 299 15 
143 300 15 
144 301 15 
145 302 15 
145 303 15 
145 304 15 
146 305 15 
147 306 15 
148 306 15 
149 307 15 
150 307 15 
151 307 15 
152 308 15 
153 308 15 
153 309 15 
153 310 15 
153 311 15 
153 312 15 
152 313 15 
152 314 15 
153 315 15 
154 315 15 
155 316 15 
156 316 15 
157 316 15 
158 317 15 
159 317 15 
V
Segmentation 3
300 342 15 
301 341 15 
302 340 15 
303 339 15 
304 338 15 
304 337 15 
304 336 15 
305 335 15 
305 334 15 
306 333 15 
306 332 15 
307 331 15 
307 330 15 
308 329 15 
308 328 15 
308 327 15 
308 326 15 
307 325 15 
307 324 15 
306 323 15 
305 322 15 
305 321 15 
305 320 15 
304 319 15 
304 318 15 
305 317 15 
305 316 15 
304 315 15 
303 314 15 
302 313 15 
301 313 15 
300 312 15 
299 312 15 
299 311 15 
298 310 15 
297 309 15 
296 309 15 
295 309 15 
294 308 15 
293 308 15 
292 309 15 
292 310 15 
291 311 15 
290 312 15 
289 313 15 
289 314 15 
288 315 15 
288 316 15 
288 317 15 
288 318 15 
288 319 15 
287 320 15 
287 321 15 
286 321 15 
285 321 15 
284 321 15 
283 321 15 
282 322 15 
282 323 15 
282 324 15 
282 325 15 
282 326 15 
283 327 15 
283 328 15 
283 329 15 
283 330 15 
283 331 15 
284 332 15 
285 332 15 
285 333 15 
285 334 15 
285 335 15 
285 336 15 
285 337 15 
285 338 15 
285 339 15 
286 340 15 
287 340 15 
288 340 15 
289 340 15 
290 341 15 
291 341 15 
292 340 15 
293 340 15 
294 339 15 
295 339 15 
296 340 15 
297 340 15 
298 341 15 
299 341 15 
300 342 15 
V
Segmentation 4
175 400 15 
176 399 15 
177 398 15 
178 397 15 
178 396 15 
179 395 15 
179 394 15 
179 393 15 
179 392 15 
180 391 15 
180 390 15 
181 389 15 
182 388 15 
183 387 15 
184 386 15 
185 385 15 
185 384 15 
185 383 15 
186 382 15 
186 381 15 
185 380 15 
184 379 15 
183 379 15 
182 378 15 
181 378 15 
180 378 15 
179 378 15 
178 377 15 
178 376 15 
178 375 15 
177 374 15 
177 373 15 
176 372 15 
175 372 15 
174 372 15 
173 371 15 
172 372 15 
171 372 15 
170 372 15 
169 373 15 
168 373 15 
168 372 15 
167 371 15 
166 370 15 
165 369 15 
165 368 15 
166 367 15 
166 366 15 
167 365 15 
167 364 15 
167 363 15 
168 363 15 
169 362 15 
170 361 15 
170 360 15 
170 359 15 
170 358 15 
171 357 15 
171 356 15 
171 355 15 
170 354 15 
169 354 15 
168 353 15 
167 353 15 
166 353 15 
165 353 15 
164 353 15 
163 352 15 
162 351 15 
162 350 15 
162 349 15 
162 348 15 
162 347 15 
162 346 15 
161 345 15 
161 344 15 
161 343 15 
160 342 15 
160 341 15 
160 340 15 
160 339 15 
160 338 15 
160 337 15 
159 336 15 
159 335 15 
159 334 15 
158 333 15 
157 332 15 
156 331 15 
155 331 15 
154 330 15 
153 331 15 
152 331 15 
151 332 15 
150 332 15 
149 333 15 
148 334 15 
148 335 15 
148 336 15 
148 337 15 
148 338 15 
147 338 15 
146 339 15 
145 339 15 
144 340 15 
143 340 15 
142 340 15 
141 341 15 
141 342 15 
142 343 15 
142 344 15 
142 345 15 
143 346 15 
143 347 15 
144 348 15 
145 348 15 
146 349 15 
147 349 15 
148 349 15 
149 349 15 
149 350 15 
150 351 15 
149 352 15 
149 353 15 
149 354 15 
149 355 15 
150 356 15 
151 357 15 
152 357 15 
153 358 15 
153 359 15 
153 360 15 
153 361 15 
154 362 15 
153 363 15 
153 364 15 
154 365 15 
155 365 15 
156 365 15 
157 365 15 
158 365 15 
159 365 15 
159 366 15 
159 367 15 
159 368 15 
159 369 15 
160 370 15 
161 371 15 
160 372 15 
160 373 15 
160 374 15 
160 375 15 
160 376 15 
160 377 15 
160 378 15 
160 379 15 
161 380 15 
162 380 15 
163 380 15 
164 381 15 
164 382 15 
164 383 15 
164 384 15 
164 385 15 
164 386 15 
164 387 15 
165 388 15 
165 389 15 
166 390 15 
166 391 15 
167 392 15 
168 393 15 
168 394 15 
168 395 15 
169 396 15 
170 397 15 
171 397 15 
172 398 15 
173 399 15 
174 400 15 
175 400 15 
V
Segmentation 5
257 421 15 
258 420 15 
259 420 15 
260 419 15 
261 419 15 
262 418 15 
263 417 15 
264 416 15 
265 415 15 
266 415 15 
267 414 15 
268 414 15 
269 413 15 
270 413 15 
271 413 15 
272 413 15 
273 413 15 
274 413 15 
275 413 15 
276 414 15 
277 414 15 
278 414 15 
279 414 15 
280 413 15 
281 413 15 
282 412 15 
283 412 15 
284 411 15 
284 410 15 
284 409 15 
284 408 15 
284 407 15 
285 406 15 
286 405 15 
287 404 15 
288 403 15 
289 402 15 
289 401 15 
289 400 15 
289 399 15 
288 398 15 
287 397 15 
286 396 15 
285 395 15 
285 394 15 
284 393 15 
284 392 15 
284 391 15 
284 390 15 
284 389 15 
284 388 15 
285 387 15 
285 386 15 
285 385 15 
285 384 15 
285 383 15 
286 382 15 
286 381 15 
286 380 15 
285 379 15 
284 379 15 
283 379 15 
282 379 15 
281 379 15 
280 379 15 
279 379 15 
278 379 15 
277 378 15 
276 377 15 
275 376 15 
274 377 15 
273 378 15 
272 378 15 
272 377 15 
272 376 15 
272 375 15 
271 374 15 
271 373 15 
270 372 15 
269 372 15 
268 372 15 
267 372 15 
266 373 15 
266 374 15 
266 375 15 
266 376 15 
265 377 15 
265 378 15 
265 379 15 
264 379 15 
263 380 15 
262 380 15 
261 381 15 
261 382 15 
261 383 15 
261 384 15 
260 385 15 
260 386 15 
260 387 15 
260 388 15 
261 389 15 
260 390 15 
260 391 15 
260 392 15 
260 393 15 
260 394 15 
260 395 15 
259 396 15 
259 397 15 
258 397 15 
257 398 15 
256 399 15 
256 400 15 
255 401 15 
254 402 15 
254 403 15 
255 404 15 
256 405 15 
257 406 15 
257 407 15 
257 408 15 
256 409 15 
255 410 15 
254 411 15 
253 412 15 
253 413 15 
253 414 15 
253 415 15 
254 416 15 
254 417 15 
254 418 15 
255 419 15 
256 420 15 
257 421 15 
V
Segmentation 6
180 424 15 
181 423 15 
182 423 15 
183 422 15 
184 421 15 
185 420 15 
184 419 15 
184 418 15 
183 417 15 
183 416 15 
183 415 15 
182 414 15 
181 413 15 
180 413 15 
179 412 15 
178 412 15 
177 412 15 
176 413 15 
175 413 15 
174 414 15 
173 415 15 
173 416 15 
173 417 15 
173 418 15 
174 419 15 
174 420 15 
174 421 15 
174 422 15 
175 423 15 
176 424 15 
177 424 15 
178 424 15 
179 424 15 
180 424 15 
V
Segmentation 0
205 192 16 
206 191 16 
205 190 16 
204 189 16 
205 189 16 
206 190 16 
207 189 16 
206 188 16 
206 187 16 
206 186 16 
207 185 16 
208 184 16 
208 183 16 
207 182 16 
207 181 16 
206 180 16 
206 179 16 
205 178 16 
204 177 16 
203 176 16 
202 176 16 
201 175 16 
200 174 16 
199 174 16 
198 175 16 
197 175 16 
196 175 16 
195 176 16 
194 176 16 
193 175 16 
192 175 16 
192 174 16 
191 173 16 
190 172 16 
189 171 16 
188 171 16 
187 170 16 
186 170 16 
185 171 16 
184 171 16 
183 171 16 
182 172 16 
181 172 16 
180 173 16 
180 174 16 
180 175 16 
180 176 16 
180 177 16 
181 178 16 
181 179 16 
182 180 16 
183 181 16 
184 182 16 
185 183 16 
186 184 16 
186 185 16 
187 186 16 
188 187 16 
189 187 16 
190 187 16 
191 187 16 
192 187 16 
193 187 16 
194 187 16 
195 187 16 
196 186 16 
197 187 16 
198 188 16 
199 188 16 
200 189 16 
201 189 16 
202 190 16 
203 191 16 
204 191 16 
205 192 16 
V
Segmentation 1
264 194 16 
265 193 16 
266 192 16 
266 191 16 
266 190 16 
267 189 16 
267 188 16 
268 187 16 
268 186 16 
268 185 16 
267 184 16 
267 183 16 
266 182 16 
266 181 16 
267 180 16 
268 179 16 
269 178 16 
270 177 16 
270 176 16 
270 175 16 
270 174 16 
269 173 16 
269 172 16 
268 171 16 
267 170 16 
266 170 16 
265 170 16 
264 170 16 
263 170 16 
262 171 16 
262 172 16 
261 173 16 
261 174 16 
260 175 16 
259 176 16 
259 177 16 
258 177 16 
257 176 16 
256 176 16 
255 176 16 
254 176 16 
253 177 16 
252 178 16 
251 179 16 
250 180 16 
250 181 16 
251 182 16 
251 183 16 
251 184 16 
251 185 16 
252 186 16 
252 187 16 
253 188 16 
254 187 16 
255 187 16 
256 187 16 
257 186 16 
258 187 16 
259 187 16 
260 188 16 
260 189 16 
260 190 16 
261 191 16 
260 192 16 
261 193 16 
262 194 16 
263 194 16 
264 194 16 
V
Segmentation 2
151 317 16 
152 316 16 
153 316 16 
154 315 16 
155 314 16 
155 313 16 
155 312 16 
155 311 16 
155 310 16 
154 309 16 
154 308 16 
153 307 16 
152 308 16 
151 308 16 
150 308 16 
149 308 16 
148 307 16 
147 307 16 
147 306 16 
146 305 16 
146 304 16 
146 303 16 
146 302 16 
147 301 16 
148 300 16 
149 300 16 
150 301 16 
151 301 16 
152 300 16 
153 300 16 
154 300 16 
155 300 16 
156 299 16 
156 298 16 
155 297 16 
154 296 16 
153 295 16 
152 294 16 
151 293 16 
150 292 16 
149 292 16 
148 291 16 
148 290 16 
147 289 16 
147 288 16 
146 287 16 
145 286 16 
144 286 16 
143 286 16 
142 286 16 
141 287 16 
140 288 16 
139 289 16 
139 290 16 
139 291 16 
139 292 16 
140 293 16 
141 294 16 
142 295 16 
143 295 16 
144 296 16 
144 297 16 
144 298 16 
143 298 16 
142 299 16 
141 299 16 
140 299 16 
139 300 16 
138 301 16 
138 302 16 
138 303 16 
138 304 16 
138 305 16 
138 306 16 
138 307 16 
139 308 16 
140 308 16 
141 308 16 
142 308 16 
143 308 16 
144 308 16 
145 309 16 
146 309 16 
146 310 16 
146 311 16 
146 312 16 
145 313 16 
146 314 16 
147 315 16 
148 316 16 
149 316 16 
150 316 16 
151 317 16 
V
Segmentation 3
291 358 16 
292 357 16 
293 357 16 
294 356 16 
294 355 16 
295 354 16 
296 353 16 
297 352 16 
297 351 16 
297 350 16 
296 349 16 
296 348 16 
295 347 16 
295 346 16 
295 345 16 
295 344 16 
295 343 16 
295 342 16 
296 341 16 
296 340 16 
296 339 16 
297 338 16 
298 338 16 
299 338 16 
300 338 16 
301 337 16 
302 336 16 
303 336 16 
304 335 16 
305 335 16 
306 334 16 
307 333 16 
308 332 16 
308 331 16 
307 330 16 
307 329 16 
307 328 16 
307 327 16 
307 326 16 
306 325 16 
305 324 16 
304 324 16 
303 324 16 
302 324 16 
301 324 16 
300 324 16 
299 323 16 
298 323 16 
297 322 16 
296 321 16 
295 321 16 
294 321 16 
293 321 16 
292 321 16 
291 322 16 
290 323 16 
289 323 16 
288 323 16 
287 322 16 
286 322 16 
285 323 16 
284 323 16 
283 324 16 
283 325 16 
283 326 16 
283 327 16 
283 328 16 
283 329 16 
283 330 16 
283 331 16 
284 332 16 
285 332 16 
286 332 16 
287 333 16 
288 333 16 
288 334 16 
287 335 16 
287 336 16 
286 337 16 
286 338 16 
286 339 16 
285 339 16 
284 339 16 
283 339 16 
282 339 16 
281 339 16 
280 340 16 
280 341 16 
280 342 16 
280 343 16 
280 344 16 
280 345 16 
280 346 16 
280 347 16 
280 348 16 
281 349 16 
282 349 16 
283 349 16 
284 349 16 
285 349 16 
286 349 16 
286 350 16 
286 351 16 
287 352 16 
287 353 16 
287 354 16 
287 355 16 
288 356 16 
289 357 16 
290 357 16 
291 358 16 
V
Segmentation 4
167 360 16 
168 359 16 
168 358 16 
168 357 16 
169 356 16 
169 355 16 
169 354 16 
169 353 16 
169 352 16 
168 351 16 
167 351 16 
166 351 16 
165 351 16 
164 351 16 
164 350 16 
164 349 16 
164 348 16 
164 347 16 
164 346 16 
164 345 16 
164 344 16 
163 343 16 
163 342 16 
163 341 16 
163 340 16 
163 339 16 
162 338 16 
161 338 16 
160 338 16 
159 337 16 
158 337 16 
157 338 16 
156 339 16 
155 340 16 
155 341 16 
155 342 16 
155 343 16 
155 344 16 
155 345 16 
155 346 16 
155 347 16 
156 348 16 
157 349 16 
157 350 16 
157 351 16 
158 352 16 
158 353 16 
158 354 16 
159 355 16 
159 356 16 
160 357 16 
160 358 16 
161 359 16 
162 360 16 
163 360 16 
164 360 16 
165 360 16 
166 360 16 
167 360 16 
V
Segmentation 5
171 387 16 
172 386 16 
172 385 16 
172 384 16 
172 383 16 
172 382 16 
171 381 16 
171 380 16 
170 379 16 
170 378 16 
170 377 16 
170 376 16 
171 375 16 
171 374 16 
171 373 16 
171 372 16 
170 371 16 
169 370 16 
169 369 16 
168 368 16 
167 368 16 
166 368 16 
165 368 16 
164 369 16 
163 370 16 
163 371 16 
163 372 16 
163 373 16 
163 374 16 
163 375 16 
162 376 16 
162 377 16 
163 378 16 
164 379 16 
165 380 16 
165 381 16 
165 382 16 
166 383 16 
166 384 16 
167 385 16 
168 386 16 
169 386 16 
170 387 16 
171 387 16 
V
Segmentation 6
277 398 16 
278 397 16 
279 397 16 
280 397 16 
281 397 16 
282 396 16 
282 395 16 
282 394 16 
283 393 16 
284 392 16 
284 391 16 
284 390 16 
283 389 16 
282 389 16 
281 389 16 
280 389 16 
279 388 16 
279 387 16 
279 386 16 
279 385 16 
279 384 16 
279 383 16 
279 382 16 
279 381 16 
279 380 16 
278 379 16 
277 379 16 
276 379 16 
275 379 16 
274 379 16 
274 378 16 
273 377 16 
273 376 16 
272 375 16 
271 374 16 
270 374 16 
269 375 16 
268 375 16 
267 375 16 
266 375 16 
266 374 16 
265 373 16 
265 372 16 
265 371 16 
264 370 16 
263 370 16 
262 371 16 
261 371 16 
260 371 16 
259 372 16 
258 372 16 
257 373 16 
257 374 16 
257 375 16 
257 376 16 
257 377 16 
257 378 16 
257 379 16 
257 380 16 
258 381 16 
259 381 16 
260 381 16 
261 381 16 
262 381 16 
263 381 16 
264 381 16 
265 381 16 
266 382 16 
266 383 16 
267 384 16 
267 385 16 
268 386 16 
269 386 16 
270 387 16 
271 387 16 
272 387 16 
273 388 16 
274 389 16 
273 390 16 
273 391 16 
273 392 16 
273 393 16 
272 394 16 
272 395 16 
272 396 16 
272 397 16 
273 398 16 
274 398 16 
275 398 16 
276 398 16 
277 398 16 
V
Segmentation 0
202 197 17 
203 196 17 
204 196 17 
205 195 17 
205 194 17 
205 193 17 
205 192 17 
204 191 17 
204 190 17 
204 189 17 
204 188 17 
203 187 17 
202 186 17 
201 186 17 
201 185 17 
201 184 17 
200 183 17 
200 182 17 
199 181 17 
199 180 17 
198 179 17 
197 178 17 
196 177 17 
196 176 17 
196 175 17 
196 174 17 
197 173 17 
197 172 17 
197 171 17 
197 170 17 
197 169 17 
196 168 17 
195 167 17 
194 166 17 
193 166 17 
192 166 17 
191 166 17 
190 167 17 
189 168 17 
188 168 17 
187 169 17 
186 170 17 
185 170 17 
184 170 17 
183 171 17 
183 172 17 
182 173 17 
182 174 17 
181 175 17 
181 176 17 
181 177 17 
181 178 17 
181 179 17 
182 180 17 
182 181 17 
183 182 17 
184 183 17 
185 183 17 
185 184 17 
186 185 17 
186 186 17 
187 187 17 
188 187 17 
189 187 17 
190 188 17 
191 188 17 
191 189 17 
192 190 17 
193 190 17 
194 190 17 
195 190 17 
196 191 17 
196 192 17 
196 193 17 
196 194 17 
197 195 17 
198 195 17 
199 196 17 
200 196 17 
201 197 17 
202 197 17 
V
Segmentation 1
261 199 17 
262 198 17 
263 197 17 
264 197 17 
265 197 17 
266 197 17 
267 196 17 
268 195 17 
268 194 17 
269 193 17 
270 192 17 
270 191 17 
270 190 17 
270 189 17 
271 188 17 
272 187 17 
273 186 17 
273 185 17 
274 184 17 
274 183 17 
274 182 17 
275 181 17 
275 180 17 
274 179 17 
273 178 17 
272 177 17 
272 176 17 
271 175 17 
271 174 17 
271 173 17 
271 172 17 
271 171 17 
270 170 17 
269 170 17 
268 169 17 
267 168 17 
266 168 17 
265 169 17 
264 170 17 
263 171 17 
264 172 17 
264 173 17 
264 174 17 
263 175 17 
262 176 17 
262 177 17 
262 178 17 
261 178 17 
260 177 17 
259 177 17 
258 176 17 
257 176 17 
256 175 17 
255 175 17 
254 176 17 
253 177 17 
252 178 17 
251 179 17 
251 180 17 
251 181 17 
251 182 17 
251 183 17 
252 184 17 
253 185 17 
254 186 17 
255 187 17 
256 188 17 
257 189 17 
258 190 17 
258 191 17 
259 192 17 
259 193 17 
259 194 17 
258 195 17 
258 196 17 
258 197 17 
259 198 17 
260 199 17 
261 199 17 
V
Segmentation 2
166 357 17 
167 356 17 
168 356 17 
169 356 17 
170 355 17 
170 354 17 
171 353 17 
171 352 17 
171 351 17 
171 350 17 
171 349 17 
171 348 17 
171 347 17 
171 346 17 
171 345 17 
171 344 17 
171 343 17 
172 342 17 
172 341 17 
173 341 17 
174 340 17 
175 339 17 
176 338 17 
176 337 17 
177 336 17 
177 335 17 
178 334 17 
178 333 17 
177 332 17 
176 332 17 
175 333 17 
174 333 17 
173 333 17 
172 333 17 
171 333 17 
170 332 17 
169 331 17 
168 330 17 
167 330 17 
166 329 17 
165 329 17 
164 329 17 
163 329 17 
162 329 17 
161 329 17 
162 328 17 
162 327 17 
162 326 17 
162 325 17 
162 324 17 
161 323 17 
160 323 17 
159 322 17 
158 321 17 
157 322 17 
156 322 17 
155 323 17 
154 323 17 
153 324 17 
152 325 17 
152 326 17 
152 327 17 
152 328 17 
152 329 17 
152 330 17 
153 331 17 
154 331 17 
155 331 17 
156 331 17 
157 332 17 
158 332 17 
159 332 17 
159 333 17 
159 334 17 
159 335 17 
159 336 17 
159 337 17 
159 338 17 
159 339 17 
158 339 17 
157 339 17 
156 339 17 
155 340 17 
154 340 17 
153 341 17 
153 342 17 
153 343 17 
153 344 17 
152 345 17 
152 346 17 
153 347 17 
154 348 17 
155 349 17 
156 350 17 
157 350 17 
158 350 17 
159 350 17 
160 350 17 
161 351 17 
161 352 17 
161 353 17 
161 354 17 
162 355 17 
163 356 17 
164 357 17 
165 357 17 
166 357 17 
V
Segmentation 3
268 373 17 
269 372 17 
270 372 17 
271 371 17 
272 371 17 
273 370 17 
274 369 17 
274 368 17 
275 368 17 
276 368 17 
277 368 17 
278 369 17 
279 368 17 
280 368 17 
281 367 17 
282 366 17 
283 365 17 
284 364 17 
283 363 17 
283 362 17 
282 361 17 
282 360 17 
281 359 17 
281 358 17 
280 357 17 
279 357 17 
278 356 17 
278 355 17 
278 354 17 
278 353 17 
278 352 17 
278 351 17 
278 350 17 
278 349 17 
279 349 17 
280 349 17 
281 349 17 
282 348 17 
283 348 17 
284 347 17 
284 346 17 
284 345 17 
284 344 17 
284 343 17 
284 342 17 
284 341 17 
284 340 17 
283 339 17 
282 339 17 
281 338 17 
280 338 17 
279 338 17 
278 339 17 
277 339 17 
276 339 17 
275 339 17 
274 339 17 
273 339 17 
272 339 17 
271 340 17 
270 340 17 
269 340 17 
268 341 17 
267 342 17 
267 343 17 
267 344 17 
267 345 17 
267 346 17 
267 347 17 
267 348 17 
267 349 17 
266 349 17 
265 348 17 
264 348 17 
263 347 17 
262 346 17 
261 345 17 
261 344 17 
261 343 17 
260 342 17 
260 341 17 
259 340 17 
258 339 17 
257 338 17 
256 338 17 
255 339 17 
254 339 17 
253 340 17 
252 340 17 
251 341 17 
250 342 17 
250 343 17 
250 344 17 
250 345 17 
250 346 17 
250 347 17 
250 348 17 
251 349 17 
252 349 17 
253 350 17 
254 350 17 
255 351 17 
255 352 17 
256 353 17 
256 354 17 
256 355 17 
257 356 17 
258 356 17 
259 357 17 
260 357 17 
261 357 17 
261 358 17 
262 359 17 
263 360 17 
263 361 17 
264 362 17 
264 363 17 
264 364 17 
263 365 17 
262 366 17 
262 367 17 
262 368 17 
262 369 17 
263 370 17 
264 371 17 
265 371 17 
266 372 17 
267 372 17 
268 373 17 
V
Segmentation 0
258 209 18 
259 208 18 
260 208 18 
261 208 18 
262 207 18 
263 207 18 
264 206 18 
265 206 18 
266 206 18 
267 206 18 
268 205 18 
269 204 18 
269 203 18 
270 202 18 
270 201 18 
270 200 18 
270 199 18 
270 198 18 
270 197 18 
270 196 18 
270 195 18 
270 194 18 
269 193 18 
269 192 18 
270 191 18 
271 190 18 
271 189 18 
271 188 18 
272 187 18 
273 186 18 
274 185 18 
274 184 18 
275 183 18 
275 182 18 
276 181 18 
276 180 18 
275 179 18 
274 178 18 
273 178 18 
272 177 18 
271 177 18 
270 177 18 
269 177 18 
268 177 18 
267 178 18 
266 179 18 
265 180 18 
264 181 18 
263 182 18 
263 183 18 
262 183 18 
261 183 18 
260 183 18 
259 183 18 
258 183 18 
257 183 18 
256 184 18 
255 185 18 
255 186 18 
255 187 18 
255 188 18 
255 189 18 
255 190 18 
255 191 18 
254 192 18 
253 193 18 
252 194 18 
252 195 18 
253 196 18 
253 197 18 
253 198 18 
254 199 18 
254 200 18 
255 201 18 
255 202 18 
255 203 18 
254 204 18 
254 205 18 
253 206 18 
253 207 18 
253 208 18 
254 209 18 
255 209 18 
256 209 18 
257 209 18 
258 209 18 
V
Segmentation 1
203 299 18 
204 298 18 
203 297 18 
202 298 18 
203 299 18 
V
Segmentation 2
174 350 18 
175 349 18 
176 349 18 
177 348 18 
178 347 18 
179 346 18 
179 345 18 
179 344 18 
179 343 18 
179 342 18 
179 341 18 
180 340 18 
181 339 18 
181 338 18 
181 337 18 
181 336 18 
181 335 18 
181 334 18 
181 333 18 
180 332 18 
180 331 18 
181 331 18 
182 331 18 
183 331 18 
184 331 18 
185 330 18 
186 329 18 
187 329 18 
188 328 18 
189 327 18 
190 326 18 
190 325 18 
191 324 18 
192 323 18 
193 322 18 
193 321 18 
193 320 18 
193 319 18 
193 318 18 
193 317 18 
193 316 18 
192 315 18 
191 315 18 
190 315 18 
189 315 18 
188 315 18 
187 315 18 
186 315 18 
185 315 18 
184 316 18 
183 317 18 
183 318 18 
182 317 18 
181 317 18 
180 316 18 
179 316 18 
178 316 18 
177 315 18 
176 315 18 
175 315 18 
174 315 18 
173 315 18 
172 315 18 
171 315 18 
170 315 18 
169 315 18 
168 315 18 
167 315 18 
166 316 18 
165 317 18 
165 318 18 
165 319 18 
165 320 18 
165 321 18 
165 322 18 
164 323 18 
163 324 18 
162 325 18 
161 325 18 
160 325 18 
159 324 18 
158 323 18 
157 322 18 
156 321 18 
155 321 18 
154 321 18 
153 321 18 
152 322 18 
152 323 18 
152 324 18 
151 325 18 
150 326 18 
149 327 18 
149 328 18 
149 329 18 
149 330 18 
150 331 18 
151 332 18 
152 333 18 
153 332 18 
154 333 18 
155 333 18 
156 333 18 
156 334 18 
156 335 18 
156 336 18 
156 337 18 
156 338 18 
156 339 18 
157 340 18 
158 340 18 
159 340 18 
160 340 18 
161 341 18 
161 342 18 
161 343 18 
161 344 18 
161 345 18 
161 346 18 
162 347 18 
163 348 18 
164 349 18 
165 349 18 
166 348 18 
167 348 18 
168 348 18 
169 348 18 
170 349 18 
171 349 18 
172 350 18 
173 350 18 
174 350 18 
V
Segmentation 3
254 367 18 
255 366 18 
256 365 18 
257 364 18 
258 364 18 
259 364 18 
260 364 18 
261 364 18 
262 364 18 
263 364 18 
264 364 18 
265 365 18 
266 366 18 
267 366 18 
268 366 18 
269 365 18 
270 365 18 
271 366 18 
272 366 18 
273 366 18 
274 365 18 
274 364 18 
274 363 18 
274 362 18 
274 361 18 
275 360 18 
275 359 18 
275 358 18 
276 358 18 
277 357 18 
278 357 18 
279 356 18 
280 356 18 
281 355 18 
282 354 18 
282 353 18 
282 352 18 
283 352 18 
284 352 18 
285 352 18 
286 352 18 
287 353 18 
288 353 18 
289 352 18 
290 351 18 
291 350 18 
292 349 18 
293 349 18 
294 348 18 
295 347 18 
296 346 18 
297 345 18 
298 344 18 
299 343 18 
299 342 18 
299 341 18 
298 340 18 
297 340 18 
296 339 18 
295 339 18 
294 338 18 
293 338 18 
292 337 18 
291 337 18 
290 338 18 
289 337 18 
289 336 18 
288 335 18 
288 334 18 
287 333 18 
287 332 18 
286 331 18 
285 331 18 
284 332 18 
283 332 18 
282 333 18 
281 333 18 
280 333 18 
279 333 18 
278 332 18 
277 331 18 
276 332 18 
275 332 18 
274 332 18 
273 332 18 
272 333 18 
271 334 18 
271 335 18 
270 336 18 
270 337 18 
270 338 18 
269 338 18 
268 339 18 
267 339 18 
266 338 18 
265 338 18 
264 337 18 
263 336 18 
262 336 18 
261 335 18 
260 336 18 
259 337 18 
258 337 18 
257 338 18 
256 339 18 
255 340 18 
254 340 18 
253 341 18 
252 341 18 
251 342 18 
251 343 18 
251 344 18 
251 345 18 
251 346 18 
251 347 18 
251 348 18 
250 348 18 
249 348 18 
248 348 18 
247 348 18 
246 349 18 
245 349 18 
244 349 18 
243 350 18 
243 351 18 
243 352 18 
243 353 18 
243 354 18 
243 355 18 
244 356 18 
245 357 18 
246 357 18 
247 358 18 
248 359 18 
249 359 18 
249 360 18 
249 361 18 
249 362 18 
249 363 18 
249 364 18 
250 365 18 
251 365 18 
252 366 18 
253 367 18 
254 367 18 
V
Segmentation 0
261 226 19 
262 225 19 
262 224 19 
262 223 19 
263 222 19 
263 221 19 
263 220 19 
262 219 19 
261 218 19 
260 218 19 
259 217 19 
258 216 19 
258 215 19 
258 214 19 
258 213 19 
259 212 19 
259 211 19 
259 210 19 
259 209 19 
259 208 19 
259 207 19 
258 206 19 
257 205 19 
257 204 19 
257 203 19 
257 202 19 
257 201 19 
257 200 19 
256 199 19 
255 199 19 
254 199 19 
253 199 19 
252 199 19 
251 199 19 
250 200 19 
249 201 19 
248 202 19 
247 203 19 
247 204 19 
247 205 19 
247 206 19 
247 207 19 
247 208 19 
247 209 19 
248 210 19 
248 211 19 
249 212 19 
250 213 19 
251 214 19 
251 215 19 
251 216 19 
251 217 19 
251 218 19 
251 219 19 
250 220 19 
250 221 19 
250 222 19 
250 223 19 
250 224 19 
250 225 19 
251 226 19 
252 226 19 
253 226 19 
254 226 19 
255 226 19 
256 226 19 
257 226 19 
258 226 19 
259 226 19 
260 226 19 
261 226 19 
V
Segmentation 1
204 227 19 
205 226 19 
206 225 19 
206 224 19 
207 223 19 
206 222 19 
207 221 19 
207 220 19 
206 219 19 
205 218 19 
204 217 19 
203 216 19 
203 215 19 
203 214 19 
203 213 19 
204 212 19 
204 211 19 
203 210 19 
202 209 19 
201 209 19 
200 208 19 
199 207 19 
198 206 19 
197 206 19 
196 206 19 
195 207 19 
195 208 19 
194 209 19 
193 210 19 
193 211 19 
194 212 19 
194 213 19 
194 214 19 
194 215 19 
194 216 19 
195 217 19 
196 218 19 
197 218 19 
197 219 19 
197 220 19 
197 221 19 
197 222 19 
197 223 19 
197 224 19 
198 225 19 
199 226 19 
200 226 19 
201 226 19 
202 227 19 
203 227 19 
204 227 19 
V
Segmentation 2
183 351 19 
184 350 19 
185 349 19 
186 348 19 
186 347 19 
187 346 19 
187 345 19 
187 344 19 
187 343 19 
187 342 19 
187 341 19 
186 340 19 
185 339 19 
184 339 19 
184 338 19 
184 337 19 
184 336 19 
184 335 19 
184 334 19 
184 333 19 
185 332 19 
186 331 19 
187 330 19 
187 329 19 
186 328 19 
186 327 19 
186 326 19 
185 325 19 
184 324 19 
183 323 19 
182 322 19 
182 321 19 
182 320 19 
182 319 19 
182 318 19 
182 317 19 
183 317 19 
184 316 19 
185 316 19 
186 316 19 
187 316 19 
188 317 19 
189 316 19 
190 316 19 
191 315 19 
192 315 19 
193 314 19 
194 313 19 
194 312 19 
195 311 19 
196 310 19 
197 309 19 
196 308 19 
195 307 19 
194 307 19 
193 306 19 
192 305 19 
191 304 19 
190 303 19 
189 302 19 
189 301 19 
189 300 19 
189 299 19 
189 298 19 
189 297 19 
190 296 19 
190 295 19 
190 294 19 
190 293 19 
191 292 19 
191 291 19 
192 290 19 
192 289 19 
192 288 19 
193 287 19 
193 286 19 
193 285 19 
194 284 19 
195 283 19 
195 282 19 
196 281 19 
196 280 19 
196 279 19 
197 278 19 
197 277 19 
196 276 19 
195 276 19 
194 275 19 
193 275 19 
192 274 19 
191 274 19 
190 274 19 
189 274 19 
188 275 19 
187 275 19 
186 276 19 
186 277 19 
186 278 19 
186 279 19 
186 280 19 
186 281 19 
186 282 19 
185 283 19 
184 283 19 
183 284 19 
182 285 19 
182 286 19 
182 287 19 
182 288 19 
182 289 19 
182 290 19 
181 291 19 
180 291 19 
179 292 19 
178 293 19 
178 294 19 
178 295 19 
178 296 19 
178 297 19 
179 298 19 
180 299 19 
181 300 19 
182 301 19 
183 302 19 
184 303 19 
183 304 19 
183 305 19 
183 306 19 
182 306 19 
181 307 19 
180 307 19 
179 308 19 
178 308 19 
177 309 19 
177 310 19 
177 311 19 
177 312 19 
177 313 19 
176 314 19 
175 315 19 
174 316 19 
173 317 19 
173 318 19 
172 319 19 
172 320 19 
172 321 19 
172 322 19 
173 323 19 
174 324 19 
175 324 19 
176 325 19 
176 326 19 
176 327 19 
176 328 19 
176 329 19 
176 330 19 
176 331 19 
175 332 19 
174 332 19 
173 332 19 
172 332 19 
171 331 19 
170 331 19 
169 330 19 
168 330 19 
167 330 19 
166 331 19 
165 332 19 
165 333 19 
165 334 19 
165 335 19 
165 336 19 
165 337 19 
165 338 19 
165 339 19 
166 340 19 
167 340 19 
168 340 19 
169 341 19 
170 341 19 
170 342 19 
170 343 19 
171 344 19 
171 345 19 
172 346 19 
173 347 19 
174 348 19 
175 348 19 
176 347 19 
177 348 19 
178 348 19 
179 349 19 
180 350 19 
181 351 19 
182 351 19 
183 351 19 
V
Segmentation 3
260 362 19 
261 361 19 
262 360 19 
262 359 19 
263 358 19 
263 357 19 
263 356 19 
263 355 19 
263 354 19 
263 353 19 
263 352 19 
263 351 19 
264 350 19 
265 350 19 
266 350 19 
267 349 19 
268 349 19 
269 349 19 
270 349 19 
271 349 19 
272 349 19 
273 348 19 
274 347 19 
275 347 19 
276 348 19 
277 348 19 
278 349 19 
279 349 19 
280 350 19 
281 349 19 
282 349 19 
283 349 19 
284 349 19 
285 350 19 
286 350 19 
287 351 19 
288 351 19 
289 351 19 
290 351 19 
291 351 19 
292 350 19 
293 349 19 
293 348 19 
293 347 19 
293 346 19 
293 345 19 
293 344 19 
292 343 19 
291 342 19 
290 341 19 
289 341 19 
288 340 19 
287 340 19 
286 340 19 
285 340 19 
284 340 19 
283 339 19 
282 339 19 
281 338 19 
281 337 19 
282 336 19 
282 335 19 
282 334 19 
283 333 19 
283 332 19 
283 331 19 
284 331 19 
285 331 19 
286 330 19 
286 329 19 
286 328 19 
286 327 19 
286 326 19 
286 325 19 
287 324 19 
287 323 19 
286 322 19 
285 321 19 
284 321 19 
283 321 19 
282 320 19 
281 320 19 
282 319 19 
282 318 19 
282 317 19 
281 316 19 
280 316 19 
279 315 19 
278 314 19 
277 314 19 
276 314 19 
275 314 19 
274 314 19 
273 315 19 
272 316 19 
271 317 19 
270 317 19 
269 317 19 
268 317 19 
267 316 19 
266 315 19 
266 314 19 
266 313 19 
266 312 19 
266 311 19 
266 310 19 
266 309 19 
266 308 19 
266 307 19 
266 306 19 
265 305 19 
265 304 19 
264 303 19 
264 302 19 
264 301 19 
265 300 19 
265 299 19 
266 298 19 
267 297 19 
267 296 19 
266 295 19 
266 294 19 
266 293 19 
265 292 19 
264 291 19 
263 291 19 
263 290 19 
263 289 19 
263 288 19 
263 287 19 
263 286 19 
263 285 19 
263 284 19 
263 283 19 
262 282 19 
261 282 19 
260 281 19 
259 281 19 
258 281 19 
257 281 19 
256 282 19 
255 282 19 
254 282 19 
253 283 19 
253 284 19 
253 285 19 
253 286 19 
254 287 19 
254 288 19 
254 289 19 
254 290 19 
255 291 19 
255 292 19 
255 293 19 
256 294 19 
256 295 19 
256 296 19 
256 297 19 
257 298 19 
257 299 19 
257 300 19 
258 301 19 
258 302 19 
259 303 19 
259 304 19 
259 305 19 
259 306 19 
259 307 19 
259 308 19 
259 309 19 
259 310 19 
259 311 19 
260 312 19 
260 313 19 
259 314 19 
259 315 19 
259 316 19 
258 316 19 
257 316 19 
256 316 19 
255 316 19 
254 316 19 
253 317 19 
253 318 19 
253 319 19 
252 319 19 
251 320 19 
250 321 19 
249 322 19 
249 323 19 
249 324 19 
250 325 19 
250 326 19 
251 327 19 
252 328 19 
253 328 19 
254 329 19 
255 329 19 
256 329 19 
256 330 19 
256 331 19 
256 332 19 
256 333 19 
256 334 19 
255 335 19 
256 336 19 
256 337 19 
256 338 19 
256 339 19 
255 339 19 
254 339 19 
253 339 19 
252 340 19 
251 341 19 
251 342 19 
251 343 19 
252 344 19 
252 345 19 
251 346 19 
251 347 19 
251 348 19 
252 349 19 
252 350 19 
253 351 19 
253 352 19 
253 353 19 
253 354 19 
253 355 19 
253 356 19 
253 357 19 
253 358 19 
254 359 19 
255 360 19 
256 360 19 
257 361 19 
258 361 19 
259 361 19 
260 362 19 
V
Segmentation 4
160 347 19 
161 346 19 
162 345 19 
163 344 19 
163 343 19 
163 342 19 
163 341 19 
162 340 19 
161 339 19 
160 339 19 
159 338 19 
158 338 19 
157 338 19 
156 338 19 
155 338 19 
154 339 19 
153 340 19 
152 341 19 
151 342 19 
151 343 19 
152 344 19 
153 345 19 
154 346 19 
155 346 19 
156 346 19 
157 347 19 
158 347 19 
159 347 19 
160 347 19 
V
Segmentation 0
178 314 20 
179 313 20 
179 312 20 
179 311 20 
179 310 20 
180 309 20 
181 309 20 
182 309 20 
183 309 20 
184 309 20 
185 308 20 
186 308 20 
187 307 20 
188 308 20 
189 308 20 
190 308 20 
191 308 20 
192 308 20 
193 308 20 
194 308 20 
195 307 20 
196 306 20 
197 305 20 
197 304 20 
197 303 20 
196 302 20 
196 301 20 
196 300 20 
196 299 20 
197 298 20 
198 298 20 
199 298 20 
200 297 20 
201 296 20 
201 295 20 
202 294 20 
203 293 20 
203 292 20 
202 291 20 
201 290 20 
200 289 20 
199 289 20 
198 289 20 
198 288 20 
197 287 20 
196 286 20 
195 285 20 
195 284 20 
195 283 20 
196 282 20 
196 281 20 
196 280 20 
196 279 20 
196 278 20 
196 277 20 
196 276 20 
197 275 20 
197 274 20 
197 273 20 
197 272 20 
197 271 20 
197 270 20 
197 269 20 
197 268 20 
197 267 20 
196 266 20 
196 265 20 
197 264 20 
197 263 20 
197 262 20 
197 261 20 
197 260 20 
197 259 20 
198 258 20 
198 257 20 
198 256 20 
198 255 20 
198 254 20 
198 253 20 
199 252 20 
199 251 20 
199 250 20 
199 249 20 
199 248 20 
199 247 20 
200 246 20 
200 245 20 
200 244 20 
200 243 20 
201 242 20 
200 241 20 
200 240 20 
200 239 20 
200 238 20 
200 237 20 
200 236 20 
201 235 20 
201 234 20 
202 233 20 
203 232 20 
204 232 20 
205 232 20 
206 233 20 
207 234 20 
208 234 20 
209 234 20 
210 234 20 
211 233 20 
212 233 20 
213 233 20 
214 232 20 
213 231 20 
213 230 20 
213 229 20 
214 228 20 
214 227 20 
214 226 20 
213 225 20 
212 225 20 
211 225 20 
210 225 20 
209 224 20 
208 224 20 
207 223 20 
206 222 20 
206 221 20 
206 220 20 
205 219 20 
205 218 20 
204 217 20 
203 216 20 
202 215 20 
201 216 20 
200 216 20 
199 217 20 
198 217 20 
197 218 20 
196 218 20 
195 218 20 
194 217 20 
194 216 20 
194 215 20 
194 214 20 
194 213 20 
194 212 20 
194 211 20 
193 210 20 
192 209 20 
191 208 20 
190 207 20 
189 207 20 
188 208 20 
187 208 20 
186 209 20 
185 210 20 
185 211 20 
185 212 20 
185 213 20 
185 214 20 
185 215 20 
185 216 20 
184 216 20 
183 217 20 
182 217 20 
181 218 20 
180 219 20 
180 220 20 
180 221 20 
180 222 20 
180 223 20 
180 224 20 
180 225 20 
181 226 20 
182 226 20 
183 227 20 
184 227 20 
185 227 20 
185 228 20 
185 229 20 
185 230 20 
185 231 20 
185 232 20 
186 233 20 
186 234 20 
187 235 20 
187 236 20 
187 237 20 
187 238 20 
187 239 20 
187 240 20 
187 241 20 
187 242 20 
186 242 20 
185 243 20 
184 244 20 
184 245 20 
185 246 20 
185 247 20 
185 248 20 
185 249 20 
184 249 20 
183 250 20 
182 251 20 
182 252 20 
182 253 20 
182 254 20 
182 255 20 
182 256 20 
182 257 20 
183 258 20 
184 259 20 
185 259 20 
186 260 20 
187 260 20 
187 261 20 
187 262 20 
187 263 20 
187 264 20 
188 265 20 
189 266 20 
190 267 20 
190 268 20 
190 269 20 
190 270 20 
190 271 20 
190 272 20 
190 273 20 
190 274 20 
190 275 20 
189 276 20 
188 277 20 
187 278 20 
187 279 20 
187 280 20 
187 281 20 
187 282 20 
188 283 20 
188 284 20 
188 285 20 
188 286 20 
188 287 20 
188 288 20 
188 289 20 
188 290 20 
187 290 20 
186 291 20 
185 292 20 
184 291 20 
183 290 20 
182 289 20 
181 288 20 
180 287 20 
179 288 20 
178 288 20 
177 289 20 
176 289 20 
175 290 20 
174 290 20 
173 291 20 
172 291 20 
171 292 20 
170 292 20 
169 293 20 
169 294 20 
169 295 20 
169 296 20 
168 297 20 
168 298 20 
168 299 20 
168 300 20 
167 300 20 
166 301 20 
165 301 20 
164 301 20 
163 302 20 
163 303 20 
162 304 20 
162 305 20 
162 306 20 
163 307 20 
164 308 20 
165 308 20 
166 309 20 
167 310 20 
168 310 20 
169 310 20 
170 311 20 
171 311 20 
172 312 20 
173 313 20 
174 314 20 
175 314 20 
176 314 20 
177 314 20 
178 314 20 
V
Segmentation 1
253 226 20 
254 225 20 
254 224 20 
254 223 20 
254 222 20 
255 221 20 
255 220 20 
255 219 20 
256 218 20 
256 217 20 
255 216 20 
254 216 20 
253 215 20 
252 215 20 
251 215 20 
250 215 20 
249 215 20 
248 215 20 
247 215 20 
246 216 20 
246 217 20 
246 218 20 
245 219 20 
245 220 20 
245 221 20 
245 222 20 
246 223 20 
247 224 20 
248 224 20 
249 224 20 
250 225 20 
251 226 20 
252 226 20 
253 226 20 
V
Segmentation 2
264 350 20 
265 349 20 
265 348 20 
265 347 20 
266 346 20 
267 346 20 
268 347 20 
269 348 20 
270 348 20 
271 348 20 
272 348 20 
273 347 20 
273 346 20 
274 345 20 
274 344 20 
274 343 20 
275 342 20 
275 341 20 
275 340 20 
276 340 20 
277 339 20 
278 339 20 
279 339 20 
280 339 20 
281 338 20 
282 337 20 
282 336 20 
282 335 20 
282 334 20 
283 333 20 
284 332 20 
285 331 20 
286 331 20 
287 330 20 
287 329 20 
286 328 20 
285 327 20 
284 327 20 
283 326 20 
283 325 20 
282 324 20 
281 323 20 
280 322 20 
279 323 20 
278 324 20 
277 324 20 
276 325 20 
275 325 20 
274 326 20 
273 325 20 
272 324 20 
271 323 20 
272 322 20 
272 321 20 
272 320 20 
272 319 20 
272 318 20 
271 317 20 
271 316 20 
270 315 20 
269 315 20 
268 314 20 
268 313 20 
268 312 20 
268 311 20 
268 310 20 
268 309 20 
268 308 20 
269 308 20 
270 307 20 
271 306 20 
271 305 20 
271 304 20 
271 303 20 
271 302 20 
270 301 20 
269 300 20 
268 300 20 
268 299 20 
267 298 20 
266 297 20 
265 296 20 
266 295 20 
267 294 20 
266 293 20 
265 292 20 
264 291 20 
264 290 20 
263 289 20 
262 288 20 
261 287 20 
261 286 20 
262 285 20 
262 284 20 
262 283 20 
262 282 20 
262 281 20 
263 280 20 
264 279 20 
264 278 20 
265 277 20 
266 276 20 
266 275 20 
267 275 20 
268 275 20 
269 274 20 
269 273 20 
269 272 20 
270 271 20 
270 270 20 
270 269 20 
271 268 20 
272 267 20 
272 266 20 
272 265 20 
271 264 20 
270 264 20 
269 264 20 
268 264 20 
267 264 20 
266 264 20 
265 264 20 
264 264 20 
263 264 20 
263 263 20 
262 262 20 
262 261 20 
261 260 20 
261 259 20 
261 258 20 
260 257 20 
261 256 20 
261 255 20 
261 254 20 
261 253 20 
261 252 20 
261 251 20 
260 250 20 
259 249 20 
258 248 20 
257 248 20 
257 247 20 
257 246 20 
258 245 20 
258 244 20 
259 244 20 
260 243 20 
260 242 20 
260 241 20 
259 240 20 
258 240 20 
257 240 20 
256 239 20 
255 238 20 
255 237 20 
254 236 20 
253 235 20 
252 235 20 
251 236 20 
251 237 20 
251 238 20 
250 239 20 
250 240 20 
250 241 20 
250 242 20 
250 243 20 
250 244 20 
250 245 20 
250 246 20 
250 247 20 
250 248 20 
250 249 20 
250 250 20 
250 251 20 
250 252 20 
251 253 20 
251 254 20 
251 255 20 
251 256 20 
252 257 20 
252 258 20 
252 259 20 
252 260 20 
252 261 20 
252 262 20 
253 263 20 
253 264 20 
253 265 20 
253 266 20 
253 267 20 
253 268 20 
254 269 20 
254 270 20 
254 271 20 
254 272 20 
254 273 20 
254 274 20 
254 275 20 
254 276 20 
254 277 20 
254 278 20 
254 279 20 
254 280 20 
254 281 20 
254 282 20 
254 283 20 
254 284 20 
255 285 20 
255 286 20 
255 287 20 
255 288 20 
255 289 20 
256 290 20 
256 291 20 
256 292 20 
256 293 20 
256 294 20 
256 295 20 
256 296 20 
256 297 20 
257 298 20 
257 299 20 
256 300 20 
255 301 20 
254 301 20 
253 301 20 
252 302 20 
251 303 20 
251 304 20 
251 305 20 
252 306 20 
253 307 20 
254 308 20 
255 309 20 
256 309 20 
257 310 20 
258 310 20 
259 311 20 
259 312 20 
259 313 20 
258 313 20 
257 314 20 
256 314 20 
255 315 20 
254 315 20 
253 316 20 
253 317 20 
253 318 20 
253 319 20 
252 320 20 
252 321 20 
252 322 20 
253 323 20 
254 324 20 
255 324 20 
256 324 20 
257 324 20 
256 325 20 
256 326 20 
256 327 20 
257 328 20 
257 329 20 
257 330 20 
256 331 20 
255 332 20 
254 333 20 
254 334 20 
254 335 20 
254 336 20 
255 337 20 
255 338 20 
255 339 20 
256 340 20 
257 341 20 
257 342 20 
257 343 20 
257 344 20 
257 345 20 
257 346 20 
258 347 20 
259 348 20 
260 348 20 
261 349 20 
262 350 20 
263 350 20 
264 350 20 
V
Segmentation 3
180 350 20 
181 349 20 
181 348 20 
181 347 20 
181 346 20 
181 345 20 
180 344 20 
180 343 20 
180 342 20 
180 341 20 
179 340 20 
178 340 20 
177 340 20 
176 340 20 
175 340 20 
174 340 20 
173 341 20 
172 342 20 
172 343 20 
173 344 20 
173 345 20 
173 346 20 
174 347 20 
174 348 20 
175 349 20 
176 350 20 
177 350 20 
178 350 20 
179 350 20 
180 350 20 
V
Segmentation 0
193 245 21 
194 244 21 
195 244 21 
196 243 21 
197 243 21 
198 243 21 
199 242 21 
200 242 21 
201 241 21 
201 240 21 
200 239 21 
200 238 21 
200 237 21 
200 236 21 
199 235 21 
200 235 21 
201 235 21 
202 234 21 
203 234 21 
204 233 21 
205 232 21 
205 231 21 
205 230 21 
205 229 21 
205 228 21 
205 227 21 
204 226 21 
205 225 21 
206 224 21 
207 223 21 
207 222 21 
207 221 21 
207 220 21 
206 219 21 
205 218 21 
204 217 21 
203 217 21 
202 216 21 
201 217 21 
200 217 21 
199 217 21 
198 218 21 
197 218 21 
196 217 21 
196 216 21 
196 215 21 
196 214 21 
195 213 21 
195 212 21 
195 211 21 
194 210 21 
193 210 21 
192 210 21 
191 209 21 
190 209 21 
189 209 21 
188 209 21 
187 209 21 
186 209 21 
185 209 21 
184 209 21 
183 209 21 
182 209 21 
181 209 21 
180 210 21 
179 211 21 
179 212 21 
179 213 21 
179 214 21 
179 215 21 
179 216 21 
179 217 21 
180 218 21 
181 218 21 
182 219 21 
183 219 21 
184 220 21 
184 221 21 
184 222 21 
184 223 21 
183 224 21 
183 225 21 
182 226 21 
181 226 21 
180 227 21 
179 227 21 
178 228 21 
178 229 21 
178 230 21 
178 231 21 
178 232 21 
177 233 21 
178 234 21 
179 235 21 
180 235 21 
181 236 21 
182 236 21 
183 237 21 
184 237 21 
185 236 21 
186 235 21 
187 235 21 
188 235 21 
189 236 21 
190 236 21 
191 236 21 
191 237 21 
191 238 21 
191 239 21 
191 240 21 
191 241 21 
191 242 21 
191 243 21 
191 244 21 
192 245 21 
193 245 21 
V
Segmentation 1
266 317 21 
267 316 21 
268 315 21 
268 314 21 
268 313 21 
269 312 21 
269 311 21 
270 310 21 
270 309 21 
270 308 21 
271 308 21 
272 307 21 
273 306 21 
273 305 21 
272 304 21 
272 303 21 
272 302 21 
272 301 21 
272 300 21 
271 299 21 
270 299 21 
269 298 21 
268 297 21 
267 296 21 
267 295 21 
266 294 21 
266 293 21 
265 292 21 
265 291 21 
264 290 21 
264 289 21 
264 288 21 
265 287 21 
265 286 21 
265 285 21 
265 284 21 
264 283 21 
263 283 21 
262 282 21 
261 281 21 
261 280 21 
261 279 21 
261 278 21 
262 277 21 
262 276 21 
263 275 21 
264 274 21 
265 273 21 
265 272 21 
266 271 21 
266 270 21 
267 269 21 
267 268 21 
267 267 21 
268 266 21 
269 265 21 
269 264 21 
269 263 21 
269 262 21 
269 261 21 
268 260 21 
268 259 21 
267 258 21 
266 257 21 
265 257 21 
264 257 21 
263 257 21 
262 256 21 
263 255 21 
263 254 21 
263 253 21 
263 252 21 
263 251 21 
263 250 21 
263 249 21 
262 248 21 
261 248 21 
260 247 21 
259 247 21 
258 246 21 
257 246 21 
257 245 21 
256 244 21 
255 243 21 
254 243 21 
253 242 21 
253 241 21 
252 240 21 
251 240 21 
250 240 21 
249 241 21 
248 242 21 
248 243 21 
247 244 21 
246 245 21 
246 246 21 
245 247 21 
245 248 21 
245 249 21 
246 250 21 
246 251 21 
246 252 21 
245 253 21 
245 254 21 
245 255 21 
245 256 21 
245 257 21 
244 258 21 
243 259 21 
243 260 21 
243 261 21 
243 262 21 
242 263 21 
242 264 21 
242 265 21 
241 266 21 
240 266 21 
239 266 21 
238 266 21 
237 266 21 
236 267 21 
236 268 21 
236 269 21 
236 270 21 
236 271 21 
236 272 21 
236 273 21 
235 274 21 
236 275 21 
237 275 21 
238 275 21 
239 276 21 
240 276 21 
241 276 21 
242 276 21 
242 277 21 
243 278 21 
243 279 21 
243 280 21 
243 281 21 
244 282 21 
245 283 21 
246 284 21 
247 285 21 
247 286 21 
247 287 21 
247 288 21 
247 289 21 
247 290 21 
247 291 21 
246 292 21 
245 292 21 
244 293 21 
243 294 21 
243 295 21 
243 296 21 
244 297 21 
245 298 21 
246 299 21 
246 300 21 
246 301 21 
246 302 21 
247 303 21 
247 304 21 
247 305 21 
247 306 21 
248 307 21 
249 308 21 
250 309 21 
251 309 21 
252 310 21 
253 310 21 
254 311 21 
255 312 21 
256 312 21 
257 312 21 
258 312 21 
259 312 21 
260 313 21 
261 314 21 
262 315 21 
262 316 21 
263 317 21 
264 317 21 
265 317 21 
266 317 21 
V
Segmentation 2
182 318 21 
183 317 21 
184 317 21 
185 317 21 
186 316 21 
187 316 21 
188 315 21 
187 314 21 
187 313 21 
187 312 21 
187 311 21 
187 310 21 
186 309 21 
187 309 21 
188 309 21 
189 308 21 
190 307 21 
191 306 21 
191 305 21 
192 306 21 
193 307 21 
194 308 21 
195 308 21 
196 307 21 
196 306 21 
197 306 21 
198 305 21 
198 304 21 
199 303 21 
199 302 21 
199 301 21 
199 300 21 
198 299 21 
197 298 21 
196 298 21 
195 297 21 
195 296 21 
195 295 21 
196 294 21 
196 293 21 
197 292 21 
198 291 21 
199 290 21 
199 289 21 
199 288 21 
199 287 21 
199 286 21 
199 285 21 
200 284 21 
201 283 21 
202 282 21 
202 281 21 
202 280 21 
201 279 21 
201 278 21 
201 277 21 
202 276 21 
203 275 21 
204 275 21 
205 274 21 
205 273 21 
204 272 21 
204 271 21 
204 270 21 
204 269 21 
204 268 21 
203 267 21 
202 266 21 
201 266 21 
201 265 21 
200 264 21 
200 263 21 
200 262 21 
200 261 21 
199 260 21 
198 259 21 
197 259 21 
196 260 21 
195 261 21 
194 261 21 
193 262 21 
193 263 21 
192 264 21 
191 265 21 
190 266 21 
189 266 21 
188 266 21 
187 266 21 
186 267 21 
185 267 21 
184 267 21 
183 268 21 
182 268 21 
181 267 21 
180 266 21 
179 266 21 
178 266 21 
177 266 21 
176 266 21 
175 266 21 
174 267 21 
173 268 21 
173 269 21 
173 270 21 
173 271 21 
173 272 21 
172 273 21 
172 274 21 
172 275 21 
173 276 21 
174 276 21 
175 277 21 
176 277 21 
175 278 21 
175 279 21 
176 280 21 
177 281 21 
176 282 21 
175 283 21 
174 284 21 
173 285 21 
173 286 21 
173 287 21 
173 288 21 
173 289 21 
174 290 21 
174 291 21 
173 291 21 
172 292 21 
171 292 21 
170 293 21 
170 294 21 
170 295 21 
170 296 21 
170 297 21 
170 298 21 
170 299 21 
170 300 21 
169 301 21 
168 301 21 
167 301 21 
166 302 21 
166 303 21 
165 304 21 
164 305 21 
164 306 21 
164 307 21 
164 308 21 
165 309 21 
166 310 21 
166 311 21 
167 312 21 
168 313 21 
169 313 21 
170 312 21 
171 311 21 
172 310 21 
173 309 21 
174 309 21 
175 309 21 
176 310 21 
177 311 21 
177 312 21 
178 313 21 
178 314 21 
178 315 21 
179 316 21 
180 317 21 
181 318 21 
182 318 21 
V
Segmentation 3
268 340 21 
269 339 21 
270 339 21 
271 339 21 
272 339 21 
273 338 21 
274 337 21 
274 336 21 
274 335 21 
273 334 21 
273 333 21 
274 333 21 
275 332 21 
276 331 21 
276 330 21 
276 329 21 
276 328 21 
276 327 21 
276 326 21 
276 325 21 
275 324 21 
274 324 21 
273 323 21 
272 322 21 
271 322 21 
270 323 21 
270 324 21 
269 325 21 
268 324 21 
267 324 21 
266 323 21 
265 323 21 
264 322 21 
263 322 21 
262 321 21 
261 321 21 
260 322 21 
260 323 21 
259 324 21 
259 325 21 
259 326 21 
259 327 21 
259 328 21 
259 329 21 
260 330 21 
261 331 21 
262 331 21 
263 331 21 
264 332 21 
264 333 21 
264 334 21 
264 335 21 
263 336 21 
263 337 21 
264 338 21 
265 339 21 
266 340 21 
267 340 21 
268 340 21 
V
Segmentation 4
172 365 21 
173 364 21 
174 364 21 
175 364 21 
176 364 21 
177 364 21 
178 364 21 
179 364 21 
180 363 21 
181 362 21 
180 361 21 
180 360 21 
180 359 21 
180 358 21 
180 357 21 
179 356 21 
178 355 21 
177 355 21 
176 355 21 
175 355 21 
174 354 21 
173 354 21 
172 355 21 
171 356 21 
170 356 21 
169 357 21 
169 358 21 
169 359 21 
169 360 21 
169 361 21 
169 362 21 
170 363 21 
171 364 21 
172 365 21 
V
Segmentation 0
194 287 22 
195 286 22 
196 285 22 
197 284 22 
198 284 22 
199 283 22 
198 282 22 
198 281 22 
198 280 22 
198 279 22 
199 278 22 
199 277 22 
199 276 22 
199 275 22 
199 274 22 
198 273 22 
197 272 22 
196 272 22 
195 272 22 
194 272 22 
193 272 22 
192 272 22 
191 272 22 
190 272 22 
189 273 22 
188 274 22 
188 275 22 
187 276 22 
187 277 22 
188 278 22 
188 279 22 
187 280 22 
186 281 22 
186 282 22 
186 283 22 
186 284 22 
186 285 22 
187 286 22 
188 286 22 
189 287 22 
190 287 22 
191 287 22 
192 287 22 
193 287 22 
194 287 22 
V
Segmentation 1
187 309 22 
188 308 22 
189 308 22 
190 307 22 
190 306 22 
190 305 22 
190 304 22 
190 303 22 
190 302 22 
190 301 22 
189 300 22 
188 299 22 
187 298 22 
188 297 22 
188 296 22 
188 295 22 
188 294 22 
187 293 22 
186 293 22 
185 292 22 
184 291 22 
183 291 22 
182 290 22 
181 291 22 
180 291 22 
179 292 22 
178 292 22 
177 293 22 
177 294 22 
177 295 22 
177 296 22 
177 297 22 
177 298 22 
177 299 22 
177 300 22 
178 301 22 
179 301 22 
180 302 22 
181 303 22 
181 304 22 
182 305 22 
182 306 22 
183 307 22 
184 308 22 
185 309 22 
186 309 22 
187 309 22 
V
Segmentation 2
265 331 22 
266 330 22 
267 329 22 
267 328 22 
267 327 22 
267 326 22 
268 325 22 
269 324 22 
270 324 22 
271 323 22 
271 322 22 
271 321 22 
271 320 22 
271 319 22 
271 318 22 
270 317 22 
269 316 22 
268 315 22 
268 314 22 
268 313 22 
268 312 22 
268 311 22 
269 310 22 
269 309 22 
270 308 22 
271 307 22 
271 306 22 
271 305 22 
271 304 22 
271 303 22 
271 302 22 
271 301 22 
270 300 22 
269 299 22 
268 298 22 
267 298 22 
266 298 22 
265 298 22 
264 299 22 
263 299 22 
262 300 22 
261 299 22 
260 299 22 
259 299 22 
258 299 22 
257 300 22 
256 301 22 
255 302 22 
255 303 22 
254 304 22 
254 305 22 
254 306 22 
254 307 22 
254 308 22 
255 309 22 
255 310 22 
256 311 22 
257 311 22 
258 311 22 
259 311 22 
260 311 22 
261 311 22 
261 312 22 
261 313 22 
261 314 22 
262 315 22 
262 316 22 
262 317 22 
262 318 22 
261 319 22 
260 320 22 
259 321 22 
260 322 22 
260 323 22 
260 324 22 
260 325 22 
260 326 22 
260 327 22 
259 328 22 
259 329 22 
259 330 22 
260 331 22 
261 331 22 
262 331 22 
263 331 22 
264 331 22 
265 331 22 
V
Segmentation 0
266 334 23 
267 333 23 
267 332 23 
268 331 23 
268 330 23 
268 329 23 
269 328 23 
268 327 23 
268 326 23 
268 325 23 
268 324 23 
268 323 23 
267 322 23 
267 321 23 
267 320 23 
266 319 23 
266 318 23 
265 317 23 
264 316 23 
263 316 23 
262 315 23 
261 314 23 
260 313 23 
259 314 23 
258 314 23 
257 315 23 
256 315 23 
255 316 23 
254 317 23 
254 318 23 
254 319 23 
254 320 23 
254 321 23 
254 322 23 
255 323 23 
256 324 23 
257 324 23 
258 325 23 
259 325 23 
260 326 23 
260 327 23 
260 328 23 
260 329 23 
260 330 23 
260 331 23 
261 332 23 
261 333 23 
262 334 23 
263 334 23 
264 334 23 
265 334 23 
266 334 23 
V
Segmentation 0
266 290 24 
267 289 24 
268 288 24 
268 287 24 
269 286 24 
269 285 24 
270 284 24 
269 283 24 
269 282 24 
268 281 24 
267 280 24 
268 279 24 
268 278 24 
269 277 24 
270 276 24 
270 275 24 
270 274 24 
269 273 24 
268 273 24 
267 273 24 
266 273 24 
265 272 24 
264 272 24 
263 272 24 
262 272 24 
261 272 24 
260 273 24 
259 273 24 
260 272 24 
261 271 24 
262 270 24 
262 269 24 
263 268 24 
263 267 24 
263 266 24 
263 265 24 
262 264 24 
261 263 24 
260 263 24 
259 263 24 
258 264 24 
257 265 24 
256 265 24 
255 265 24 
254 265 24 
253 266 24 
253 267 24 
254 268 24 
254 269 24 
254 270 24 
255 271 24 
255 272 24 
256 273 24 
255 273 24 
254 274 24 
253 275 24 
252 276 24 
252 277 24 
252 278 24 
252 279 24 
252 280 24 
252 281 24 
252 282 24 
252 283 24 
253 284 24 
254 285 24 
255 285 24 
256 285 24 
257 285 24 
258 285 24 
259 285 24 
260 286 24 
260 287 24 
260 288 24 
261 289 24 
262 289 24 
263 290 24 
264 290 24 
265 290 24 
266 290 24 
V
Segmentation 1
267 340 24 
268 339 24 
269 338 24 
269 337 24 
270 336 24 
271 336 24 
272 336 24 
273 335 24 
274 334 24 
275 333 24 
275 332 24 
276 331 24 
276 330 24 
276 329 24 
276 328 24 
276 327 24 
275 326 24 
275 325 24 
274 324 24 
273 324 24 
272 323 24 
271 322 24 
270 322 24 
269 323 24 
269 324 24 
268 323 24 
267 322 24 
266 321 24 
265 321 24 
264 321 24 
263 321 24 
262 322 24 
261 322 24 
260 322 24 
259 323 24 
259 324 24 
259 325 24 
259 326 24 
259 327 24 
259 328 24 
259 329 24 
259 330 24 
260 331 24 
260 332 24 
260 333 24 
260 334 24 
260 335 24 
260 336 24 
260 337 24 
260 338 24 
261 339 24 
262 340 24 
263 340 24 
264 340 24 
265 340 24 
266 340 24 
267 340 24 
V
Segmentation 0
250 244 25 
251 243 25 
252 242 25 
253 241 25 
253 240 25 
254 239 25 
254 238 25 
255 238 25 
256 237 25 
257 236 25 
258 236 25 
259 235 25 
259 234 25 
258 233 25 
258 232 25 
258 231 25 
257 230 25 
256 229 25 
256 228 25 
255 227 25 
254 227 25 
253 227 25 
252 227 25 
251 228 25 
250 229 25 
250 230 25 
250 231 25 
249 232 25 
249 233 25 
248 233 25 
247 234 25 
246 235 25 
246 236 25 
246 237 25 
245 238 25 
245 239 25 
246 240 25 
247 241 25 
248 242 25 
249 243 25 
250 244 25 
V
