Segmentation 0
186 393 13 
187 392 13 
188 391 13 
189 390 13 
189 389 13 
190 388 13 
190 387 13 
190 386 13 
189 385 13 
188 384 13 
187 383 13 
186 383 13 
185 383 13 
184 383 13 
183 383 13 
182 383 13 
181 383 13 
180 383 13 
179 384 13 
178 385 13 
178 386 13 
178 387 13 
178 388 13 
179 389 13 
179 390 13 
180 391 13 
181 392 13 
182 392 13 
183 393 13 
184 393 13 
185 393 13 
186 393 13 
V
Segmentation 1
262 402 13 
263 401 13 
264 401 13 
265 400 13 
266 399 13 
267 398 13 
267 397 13 
268 396 13 
268 395 13 
269 394 13 
269 393 13 
269 392 13 
268 391 13 
267 390 13 
266 389 13 
265 389 13 
264 388 13 
263 388 13 
262 388 13 
261 388 13 
260 389 13 
259 389 13 
258 390 13 
257 391 13 
257 392 13 
256 393 13 
256 394 13 
256 395 13 
256 396 13 
256 397 13 
256 398 13 
256 399 13 
257 400 13 
257 401 13 
258 402 13 
259 402 13 
260 402 13 
261 402 13 
262 402 13 
V
Segmentation 0
262 396 14 
263 395 14 
264 395 14 
265 394 14 
266 394 14 
267 393 14 
268 393 14 
269 392 14 
270 392 14 
271 392 14 
272 391 14 
273 390 14 
274 389 14 
275 388 14 
276 387 14 
276 386 14 
277 385 14 
277 384 14 
278 383 14 
279 382 14 
280 381 14 
280 380 14 
281 379 14 
282 378 14 
282 377 14 
283 376 14 
283 375 14 
283 374 14 
282 373 14 
281 372 14 
280 373 14 
279 373 14 
278 374 14 
277 375 14 
276 376 14 
275 377 14 
275 378 14 
274 379 14 
274 380 14 
273 381 14 
273 382 14 
272 383 14 
271 384 14 
270 385 14 
270 386 14 
269 387 14 
268 388 14 
267 389 14 
266 390 14 
265 391 14 
264 391 14 
263 392 14 
262 392 14 
261 393 14 
260 393 14 
259 393 14 
258 394 14 
258 395 14 
259 396 14 
260 396 14 
261 396 14 
262 396 14 
V
Segmentation 1
186 396 14 
187 395 14 
187 394 14 
187 393 14 
186 392 14 
187 391 14 
188 390 14 
188 389 14 
189 388 14 
190 387 14 
190 386 14 
190 385 14 
189 384 14 
189 383 14 
189 382 14 
188 381 14 
187 380 14 
186 380 14 
185 380 14 
184 381 14 
183 381 14 
182 380 14 
181 381 14 
180 381 14 
179 382 14 
179 383 14 
180 384 14 
179 385 14 
178 386 14 
179 387 14 
179 388 14 
178 389 14 
178 390 14 
178 391 14 
179 392 14 
179 393 14 
179 394 14 
179 395 14 
180 396 14 
181 396 14 
182 396 14 
183 396 14 
184 396 14 
185 396 14 
186 396 14 
V
Segmentation 0
265 188 16 
266 187 16 
267 186 16 
268 185 16 
268 184 16 
268 183 16 
268 182 16 
268 181 16 
268 180 16 
268 179 16 
269 178 16 
269 177 16 
270 177 16 
271 177 16 
272 176 16 
273 175 16 
273 174 16 
273 173 16 
273 172 16 
273 171 16 
273 170 16 
272 169 16 
271 169 16 
270 168 16 
269 168 16 
268 168 16 
267 167 16 
267 166 16 
267 165 16 
268 164 16 
268 163 16 
268 162 16 
267 161 16 
266 161 16 
265 160 16 
264 159 16 
263 159 16 
262 158 16 
261 159 16 
260 160 16 
259 161 16 
258 162 16 
258 163 16 
258 164 16 
259 165 16 
259 166 16 
259 167 16 
260 168 16 
259 169 16 
258 170 16 
257 170 16 
256 171 16 
256 172 16 
257 173 16 
257 174 16 
257 175 16 
258 176 16 
259 177 16 
259 178 16 
259 179 16 
259 180 16 
259 181 16 
259 182 16 
260 183 16 
260 184 16 
261 185 16 
261 186 16 
261 187 16 
262 188 16 
263 188 16 
264 188 16 
265 188 16 
V
Segmentation 1
194 194 16 
195 193 16 
196 192 16 
197 191 16 
198 190 16 
199 189 16 
198 188 16 
197 187 16 
196 186 16 
195 185 16 
194 184 16 
194 183 16 
194 182 16 
194 181 16 
194 180 16 
194 179 16 
195 178 16 
196 178 16 
197 178 16 
198 178 16 
199 178 16 
200 179 16 
201 179 16 
202 179 16 
203 178 16 
204 177 16 
205 176 16 
206 175 16 
206 174 16 
206 173 16 
205 172 16 
205 171 16 
205 170 16 
204 169 16 
203 168 16 
202 168 16 
201 168 16 
200 169 16 
199 169 16 
198 169 16 
197 169 16 
196 168 16 
196 167 16 
196 166 16 
196 165 16 
196 164 16 
196 163 16 
196 162 16 
195 161 16 
194 160 16 
193 160 16 
192 159 16 
191 159 16 
190 159 16 
189 160 16 
188 160 16 
187 161 16 
186 162 16 
186 163 16 
186 164 16 
186 165 16 
186 166 16 
186 167 16 
186 168 16 
185 168 16 
184 169 16 
183 169 16 
182 170 16 
181 171 16 
181 172 16 
181 173 16 
181 174 16 
181 175 16 
181 176 16 
182 177 16 
183 178 16 
184 178 16 
185 179 16 
186 179 16 
186 180 16 
186 181 16 
186 182 16 
186 183 16 
185 184 16 
185 185 16 
186 186 16 
187 187 16 
187 188 16 
188 189 16 
188 190 16 
188 191 16 
188 192 16 
189 193 16 
190 193 16 
191 193 16 
192 194 16 
193 194 16 
194 194 16 
V
Segmentation 0
189 195 17 
190 194 17 
191 194 17 
192 194 17 
193 194 17 
194 193 17 
194 192 17 
193 191 17 
192 190 17 
191 189 17 
190 188 17 
190 187 17 
189 186 17 
189 185 17 
189 184 17 
189 183 17 
189 182 17 
189 181 17 
189 180 17 
189 179 17 
189 178 17 
190 177 17 
190 176 17 
191 175 17 
192 174 17 
193 173 17 
194 173 17 
195 173 17 
196 173 17 
197 173 17 
198 173 17 
199 173 17 
200 174 17 
201 174 17 
202 175 17 
203 174 17 
204 173 17 
204 172 17 
204 171 17 
205 170 17 
205 169 17 
204 168 17 
203 167 17 
202 166 17 
201 166 17 
200 166 17 
199 166 17 
198 166 17 
197 166 17 
196 166 17 
196 165 17 
196 164 17 
196 163 17 
196 162 17 
195 161 17 
195 160 17 
194 159 17 
193 159 17 
192 159 17 
191 159 17 
190 159 17 
189 160 17 
188 160 17 
187 161 17 
186 161 17 
185 161 17 
184 161 17 
183 160 17 
182 160 17 
181 160 17 
180 161 17 
179 162 17 
178 163 17 
178 164 17 
178 165 17 
178 166 17 
178 167 17 
178 168 17 
179 169 17 
180 170 17 
181 171 17 
182 171 17 
183 172 17 
183 173 17 
183 174 17 
183 175 17 
183 176 17 
182 177 17 
181 177 17 
180 178 17 
179 178 17 
178 179 17 
177 179 17 
176 180 17 
176 181 17 
176 182 17 
176 183 17 
177 184 17 
178 185 17 
179 185 17 
180 186 17 
181 187 17 
181 188 17 
181 189 17 
181 190 17 
181 191 17 
181 192 17 
182 193 17 
183 193 17 
184 194 17 
185 195 17 
186 195 17 
187 195 17 
188 195 17 
189 195 17 
V
Segmentation 1
268 194 17 
269 193 17 
269 192 17 
269 191 17 
269 190 17 
270 189 17 
271 189 17 
272 188 17 
271 187 17 
271 186 17 
270 185 17 
270 184 17 
270 183 17 
270 182 17 
269 181 17 
270 180 17 
270 179 17 
270 178 17 
271 177 17 
271 176 17 
271 175 17 
271 174 17 
270 173 17 
270 172 17 
270 171 17 
269 170 17 
268 169 17 
267 168 17 
267 167 17 
267 166 17 
266 165 17 
266 164 17 
266 163 17 
266 162 17 
265 161 17 
264 160 17 
263 160 17 
262 160 17 
261 160 17 
260 161 17 
259 161 17 
258 162 17 
257 163 17 
257 164 17 
257 165 17 
257 166 17 
256 167 17 
255 167 17 
254 167 17 
253 167 17 
252 167 17 
251 167 17 
250 167 17 
249 168 17 
249 169 17 
248 170 17 
248 171 17 
248 172 17 
248 173 17 
248 174 17 
249 175 17 
250 176 17 
251 175 17 
252 175 17 
253 174 17 
254 174 17 
255 174 17 
256 173 17 
257 173 17 
258 173 17 
259 174 17 
260 174 17 
261 175 17 
262 176 17 
262 177 17 
263 178 17 
263 179 17 
263 180 17 
264 181 17 
264 182 17 
264 183 17 
264 184 17 
264 185 17 
264 186 17 
264 187 17 
263 188 17 
263 189 17 
262 190 17 
262 191 17 
263 192 17 
264 193 17 
265 193 17 
266 193 17 
267 194 17 
268 194 17 
V
Segmentation 2
227 200 17 
228 199 17 
228 198 17 
229 197 17 
229 196 17 
229 195 17 
230 194 17 
230 193 17 
231 192 17 
231 191 17 
232 190 17 
231 189 17 
230 188 17 
229 187 17 
228 187 17 
228 186 17 
228 185 17 
227 184 17 
227 183 17 
227 182 17 
227 181 17 
226 180 17 
225 180 17 
224 180 17 
223 179 17 
222 179 17 
221 179 17 
221 178 17 
220 177 17 
219 176 17 
218 176 17 
217 176 17 
216 176 17 
215 176 17 
214 176 17 
213 176 17 
212 176 17 
211 177 17 
211 178 17 
210 179 17 
210 180 17 
211 181 17 
212 182 17 
213 183 17 
214 184 17 
215 184 17 
216 185 17 
217 185 17 
218 186 17 
219 187 17 
220 188 17 
220 189 17 
221 190 17 
221 191 17 
222 192 17 
222 193 17 
223 194 17 
223 195 17 
223 196 17 
223 197 17 
224 198 17 
224 199 17 
225 200 17 
226 200 17 
227 200 17 
V
Segmentation 3
201 245 17 
202 244 17 
203 244 17 
204 243 17 
205 243 17 
206 242 17 
207 242 17 
208 241 17 
209 240 17 
208 239 17 
208 238 17 
207 237 17 
207 236 17 
206 235 17 
206 234 17 
205 233 17 
205 232 17 
205 231 17 
206 230 17 
206 229 17 
206 228 17 
206 227 17 
206 226 17 
206 225 17 
206 224 17 
206 223 17 
207 222 17 
207 221 17 
207 220 17 
206 219 17 
205 218 17 
204 218 17 
203 218 17 
202 217 17 
201 217 17 
200 218 17 
199 219 17 
198 220 17 
198 221 17 
198 222 17 
198 223 17 
198 224 17 
198 225 17 
198 226 17 
197 227 17 
196 227 17 
195 228 17 
195 229 17 
195 230 17 
195 231 17 
195 232 17 
195 233 17 
196 234 17 
197 235 17 
198 236 17 
198 237 17 
198 238 17 
198 239 17 
198 240 17 
198 241 17 
198 242 17 
199 243 17 
200 244 17 
201 245 17 
V
Segmentation 4
251 232 17 
252 231 17 
252 230 17 
253 229 17 
253 228 17 
254 227 17 
255 226 17 
255 225 17 
254 224 17 
253 223 17 
253 222 17 
252 221 17 
251 220 17 
250 220 17 
249 220 17 
248 220 17 
247 220 17 
246 221 17 
246 222 17 
246 223 17 
246 224 17 
246 225 17 
246 226 17 
247 227 17 
247 228 17 
247 229 17 
247 230 17 
248 231 17 
249 232 17 
250 232 17 
251 232 17 
V
Segmentation 5
282 284 17 
283 283 17 
284 283 17 
285 282 17 
286 281 17 
287 280 17 
287 279 17 
287 278 17 
288 277 17 
288 276 17 
287 275 17 
286 274 17 
285 274 17 
284 275 17 
283 275 17 
282 276 17 
281 276 17 
280 276 17 
279 276 17 
278 277 17 
278 278 17 
278 279 17 
279 280 17 
279 281 17 
280 282 17 
281 283 17 
282 284 17 
V
Segmentation 0
188 196 18 
189 195 18 
189 194 18 
188 193 18 
188 192 18 
188 191 18 
188 190 18 
188 189 18 
188 188 18 
188 187 18 
188 186 18 
188 185 18 
188 184 18 
188 183 18 
188 182 18 
188 181 18 
188 180 18 
189 179 18 
189 178 18 
190 177 18 
191 176 18 
192 175 18 
193 175 18 
194 175 18 
195 174 18 
194 173 18 
195 172 18 
196 171 18 
196 170 18 
195 169 18 
195 168 18 
195 167 18 
195 166 18 
194 165 18 
194 164 18 
194 163 18 
193 162 18 
192 162 18 
191 161 18 
190 161 18 
189 161 18 
188 161 18 
187 162 18 
186 162 18 
185 162 18 
185 161 18 
184 160 18 
183 159 18 
182 159 18 
181 160 18 
180 160 18 
179 161 18 
178 161 18 
177 162 18 
177 163 18 
177 164 18 
177 165 18 
177 166 18 
177 167 18 
177 168 18 
177 169 18 
178 170 18 
179 170 18 
180 171 18 
181 172 18 
181 173 18 
181 174 18 
181 175 18 
181 176 18 
180 177 18 
179 178 18 
178 179 18 
178 180 18 
178 181 18 
178 182 18 
178 183 18 
178 184 18 
178 185 18 
179 186 18 
180 187 18 
180 188 18 
180 189 18 
180 190 18 
180 191 18 
180 192 18 
180 193 18 
181 194 18 
182 194 18 
183 195 18 
184 195 18 
185 196 18 
186 196 18 
187 196 18 
188 196 18 
V
Segmentation 1
266 195 18 
267 194 18 
268 193 18 
269 192 18 
269 191 18 
269 190 18 
270 189 18 
270 188 18 
270 187 18 
270 186 18 
270 185 18 
270 184 18 
269 183 18 
268 182 18 
269 181 18 
269 180 18 
270 179 18 
271 178 18 
272 177 18 
272 176 18 
271 175 18 
271 174 18 
271 173 18 
271 172 18 
270 171 18 
269 170 18 
268 169 18 
268 168 18 
268 167 18 
268 166 18 
268 165 18 
268 164 18 
268 163 18 
268 162 18 
267 161 18 
266 161 18 
265 161 18 
264 160 18 
263 160 18 
262 160 18 
261 160 18 
260 161 18 
259 162 18 
258 163 18 
258 164 18 
258 165 18 
258 166 18 
258 167 18 
257 168 18 
256 168 18 
255 169 18 
254 169 18 
253 169 18 
252 168 18 
251 168 18 
250 168 18 
249 168 18 
248 169 18 
247 170 18 
246 170 18 
245 171 18 
244 172 18 
245 173 18 
245 174 18 
245 175 18 
246 176 18 
247 177 18 
248 177 18 
249 177 18 
250 177 18 
251 177 18 
252 177 18 
253 176 18 
254 176 18 
255 176 18 
256 176 18 
257 176 18 
258 177 18 
259 177 18 
260 177 18 
261 178 18 
262 179 18 
263 180 18 
263 181 18 
264 182 18 
264 183 18 
264 184 18 
264 185 18 
264 186 18 
264 187 18 
264 188 18 
264 189 18 
264 190 18 
264 191 18 
264 192 18 
265 193 18 
265 194 18 
266 195 18 
V
Segmentation 2
226 196 18 
227 195 18 
227 194 18 
227 193 18 
228 192 18 
228 191 18 
228 190 18 
229 189 18 
230 188 18 
231 187 18 
232 186 18 
233 186 18 
234 185 18 
235 184 18 
236 184 18 
237 183 18 
238 183 18 
239 182 18 
238 181 18 
238 180 18 
237 179 18 
236 178 18 
235 177 18 
234 177 18 
233 177 18 
232 177 18 
231 176 18 
230 176 18 
229 177 18 
228 178 18 
227 179 18 
226 180 18 
225 180 18 
224 179 18 
223 178 18 
222 177 18 
221 176 18 
220 175 18 
219 176 18 
218 176 18 
217 177 18 
216 177 18 
215 178 18 
214 177 18 
214 176 18 
213 175 18 
213 174 18 
213 173 18 
212 172 18 
212 171 18 
212 170 18 
211 169 18 
210 169 18 
209 169 18 
208 169 18 
207 170 18 
206 170 18 
205 171 18 
205 172 18 
205 173 18 
204 174 18 
204 175 18 
204 176 18 
204 177 18 
205 178 18 
206 178 18 
207 179 18 
208 179 18 
209 180 18 
210 180 18 
211 181 18 
212 181 18 
213 181 18 
214 182 18 
215 183 18 
216 184 18 
217 185 18 
218 186 18 
219 186 18 
220 187 18 
220 188 18 
221 189 18 
222 190 18 
222 191 18 
222 192 18 
223 193 18 
223 194 18 
223 195 18 
224 196 18 
225 196 18 
226 196 18 
V
Segmentation 3
251 244 18 
252 243 18 
252 242 18 
253 243 18 
254 243 18 
255 243 18 
256 243 18 
257 243 18 
258 243 18 
259 243 18 
260 243 18 
261 242 18 
262 241 18 
263 240 18 
264 239 18 
263 238 18 
262 237 18 
261 236 18 
260 235 18 
259 234 18 
259 233 18 
259 232 18 
259 231 18 
260 230 18 
260 229 18 
259 228 18 
258 227 18 
257 227 18 
256 226 18 
256 225 18 
256 224 18 
256 223 18 
257 222 18 
257 221 18 
257 220 18 
256 219 18 
255 218 18 
254 218 18 
253 218 18 
252 217 18 
251 217 18 
250 217 18 
249 216 18 
248 217 18 
248 218 18 
248 219 18 
247 220 18 
247 221 18 
247 222 18 
247 223 18 
248 224 18 
248 225 18 
248 226 18 
249 227 18 
249 228 18 
249 229 18 
249 230 18 
249 231 18 
249 232 18 
249 233 18 
249 234 18 
249 235 18 
250 236 18 
250 237 18 
250 238 18 
250 239 18 
250 240 18 
250 241 18 
250 242 18 
250 243 18 
251 244 18 
V
Segmentation 4
201 234 18 
202 233 18 
203 232 18 
204 231 18 
204 230 18 
204 229 18 
204 228 18 
204 227 18 
203 226 18 
202 225 18 
201 225 18 
200 225 18 
199 225 18 
198 224 18 
197 224 18 
196 224 18 
195 225 18 
194 226 18 
194 227 18 
194 228 18 
194 229 18 
194 230 18 
194 231 18 
194 232 18 
195 233 18 
196 234 18 
197 234 18 
198 234 18 
199 234 18 
200 234 18 
201 234 18 
V
Segmentation 5
201 251 18 
202 250 18 
203 249 18 
203 248 18 
203 247 18 
202 246 18 
202 245 18 
203 244 18 
203 243 18 
203 242 18 
202 241 18 
201 241 18 
200 241 18 
199 241 18 
198 241 18 
197 241 18 
196 241 18 
195 242 18 
194 243 18 
194 244 18 
194 245 18 
194 246 18 
194 247 18 
194 248 18 
194 249 18 
195 250 18 
196 250 18 
197 250 18 
198 251 18 
199 251 18 
200 251 18 
201 251 18 
V
Segmentation 6
177 302 18 
178 301 18 
179 300 18 
180 299 18 
181 298 18 
182 297 18 
183 296 18 
183 295 18 
183 294 18 
184 293 18 
184 292 18 
185 291 18 
185 290 18 
186 289 18 
186 288 18 
187 287 18 
187 286 18 
188 285 18 
189 284 18 
189 283 18 
190 282 18 
191 281 18 
192 280 18 
192 279 18 
192 278 18 
192 277 18 
192 276 18 
191 275 18 
190 275 18 
189 275 18 
188 275 18 
187 275 18 
186 275 18 
185 275 18 
184 276 18 
184 277 18 
184 278 18 
184 279 18 
184 280 18 
184 281 18 
184 282 18 
184 283 18 
184 284 18 
183 284 18 
182 284 18 
181 283 18 
180 283 18 
179 283 18 
178 283 18 
177 284 18 
176 284 18 
175 285 18 
175 286 18 
175 287 18 
175 288 18 
175 289 18 
175 290 18 
174 291 18 
173 292 18 
172 292 18 
171 293 18 
170 294 18 
170 295 18 
170 296 18 
170 297 18 
170 298 18 
171 299 18 
172 299 18 
173 300 18 
174 301 18 
175 302 18 
176 302 18 
177 302 18 
V
Segmentation 7
275 302 18 
276 301 18 
277 300 18 
277 299 18 
277 298 18 
277 297 18 
277 296 18 
277 295 18 
277 294 18 
277 293 18 
277 292 18 
276 291 18 
275 291 18 
274 290 18 
273 290 18 
272 290 18 
271 290 18 
271 289 18 
271 288 18 
271 287 18 
272 286 18 
272 285 18 
272 284 18 
272 283 18 
271 282 18 
270 282 18 
269 281 18 
268 280 18 
267 280 18 
266 280 18 
265 279 18 
264 279 18 
263 280 18 
262 281 18 
262 282 18 
263 283 18 
263 284 18 
264 285 18 
264 286 18 
265 287 18 
265 288 18 
266 289 18 
266 290 18 
267 291 18 
268 292 18 
268 293 18 
269 294 18 
269 295 18 
270 296 18 
270 297 18 
271 298 18 
272 299 18 
273 300 18 
274 301 18 
275 302 18 
V
Segmentation 0
185 215 19 
186 214 19 
187 214 19 
188 213 19 
188 212 19 
189 211 19 
189 210 19 
189 209 19 
189 208 19 
189 207 19 
188 206 19 
188 205 19 
188 204 19 
188 203 19 
188 202 19 
188 201 19 
187 200 19 
187 199 19 
187 198 19 
187 197 19 
187 196 19 
187 195 19 
187 194 19 
187 193 19 
188 192 19 
188 191 19 
188 190 19 
188 189 19 
189 188 19 
189 187 19 
189 186 19 
190 185 19 
190 184 19 
191 183 19 
192 182 19 
193 182 19 
194 181 19 
195 181 19 
196 180 19 
197 180 19 
198 180 19 
199 179 19 
198 178 19 
197 177 19 
196 176 19 
195 176 19 
194 175 19 
193 175 19 
192 174 19 
191 174 19 
190 173 19 
190 172 19 
190 171 19 
190 170 19 
189 169 19 
188 169 19 
187 168 19 
186 168 19 
185 168 19 
184 168 19 
183 168 19 
182 169 19 
181 170 19 
181 171 19 
181 172 19 
181 173 19 
181 174 19 
180 175 19 
180 176 19 
180 177 19 
179 178 19 
179 179 19 
179 180 19 
179 181 19 
179 182 19 
179 183 19 
179 184 19 
179 185 19 
180 186 19 
181 187 19 
181 188 19 
181 189 19 
181 190 19 
181 191 19 
181 192 19 
181 193 19 
180 194 19 
179 195 19 
178 195 19 
177 196 19 
177 197 19 
177 198 19 
177 199 19 
177 200 19 
177 201 19 
178 202 19 
179 203 19 
180 204 19 
180 205 19 
180 206 19 
180 207 19 
179 208 19 
179 209 19 
179 210 19 
180 211 19 
181 211 19 
182 212 19 
182 213 19 
183 214 19 
184 215 19 
185 215 19 
V
Segmentation 1
267 211 19 
268 210 19 
269 210 19 
270 209 19 
271 208 19 
272 207 19 
272 206 19 
272 205 19 
272 204 19 
271 203 19 
270 202 19 
269 202 19 
268 201 19 
267 200 19 
267 199 19 
267 198 19 
267 197 19 
268 196 19 
268 195 19 
269 194 19 
270 193 19 
270 192 19 
270 191 19 
270 190 19 
270 189 19 
270 188 19 
269 187 19 
269 186 19 
269 185 19 
268 184 19 
268 183 19 
268 182 19 
268 181 19 
268 180 19 
269 179 19 
270 178 19 
270 177 19 
269 176 19 
268 176 19 
267 176 19 
266 176 19 
265 176 19 
264 176 19 
263 176 19 
262 177 19 
261 178 19 
260 179 19 
259 180 19 
259 181 19 
259 182 19 
260 183 19 
260 184 19 
260 185 19 
260 186 19 
260 187 19 
260 188 19 
261 189 19 
261 190 19 
261 191 19 
261 192 19 
262 193 19 
262 194 19 
262 195 19 
262 196 19 
263 197 19 
263 198 19 
263 199 19 
263 200 19 
262 201 19 
262 202 19 
262 203 19 
262 204 19 
262 205 19 
262 206 19 
261 207 19 
261 208 19 
261 209 19 
262 210 19 
263 210 19 
264 210 19 
265 210 19 
266 210 19 
267 211 19 
V
Segmentation 2
273 299 19 
274 298 19 
274 297 19 
274 296 19 
274 295 19 
274 294 19 
274 293 19 
274 292 19 
275 291 19 
274 290 19 
273 289 19 
273 288 19 
273 287 19 
273 286 19 
272 285 19 
272 284 19 
272 283 19 
273 282 19 
274 281 19 
275 280 19 
276 279 19 
275 278 19 
275 277 19 
275 276 19 
274 275 19 
273 274 19 
272 274 19 
271 273 19 
271 272 19 
271 271 19 
271 270 19 
270 269 19 
270 268 19 
269 267 19 
268 266 19 
267 266 19 
266 266 19 
265 266 19 
264 267 19 
263 267 19 
262 267 19 
261 268 19 
260 269 19 
260 270 19 
260 271 19 
261 272 19 
261 273 19 
261 274 19 
262 275 19 
262 276 19 
262 277 19 
263 278 19 
263 279 19 
263 280 19 
264 281 19 
264 282 19 
265 283 19 
265 284 19 
266 285 19 
266 286 19 
267 287 19 
267 288 19 
267 289 19 
268 290 19 
268 291 19 
269 292 19 
269 293 19 
269 294 19 
269 295 19 
270 296 19 
270 297 19 
271 298 19 
272 298 19 
273 299 19 
V
Segmentation 3
185 286 19 
186 285 19 
187 284 19 
187 283 19 
188 282 19 
188 281 19 
189 280 19 
189 279 19 
189 278 19 
188 277 19 
187 276 19 
186 276 19 
185 275 19 
184 275 19 
183 274 19 
182 274 19 
181 275 19 
180 276 19 
179 276 19 
178 277 19 
178 278 19 
178 279 19 
178 280 19 
178 281 19 
178 282 19 
178 283 19 
179 284 19 
180 284 19 
181 284 19 
182 285 19 
183 285 19 
184 286 19 
185 286 19 
V
Segmentation 4
177 306 19 
178 305 19 
179 304 19 
179 303 19 
179 302 19 
180 301 19 
180 300 19 
181 299 19 
181 298 19 
181 297 19 
182 296 19 
182 295 19 
181 294 19 
180 294 19 
179 294 19 
178 295 19 
177 295 19 
176 296 19 
175 296 19 
174 297 19 
173 297 19 
172 298 19 
172 299 19 
172 300 19 
172 301 19 
173 302 19 
173 303 19 
174 304 19 
174 305 19 
175 306 19 
176 306 19 
177 306 19 
V
Segmentation 0
188 226 20 
189 225 20 
189 224 20 
189 223 20 
189 222 20 
189 221 20 
188 220 20 
188 219 20 
188 218 20 
188 217 20 
187 216 20 
187 215 20 
187 214 20 
187 213 20 
187 212 20 
187 211 20 
187 210 20 
187 209 20 
187 208 20 
187 207 20 
187 206 20 
188 205 20 
188 204 20 
188 203 20 
188 202 20 
188 201 20 
189 200 20 
189 199 20 
190 198 20 
190 197 20 
191 196 20 
191 195 20 
192 194 20 
192 193 20 
193 192 20 
193 191 20 
194 190 20 
194 189 20 
193 188 20 
193 187 20 
193 186 20 
193 185 20 
193 184 20 
194 183 20 
194 182 20 
194 181 20 
194 180 20 
193 179 20 
192 178 20 
191 177 20 
190 177 20 
189 177 20 
188 178 20 
187 178 20 
186 178 20 
185 177 20 
184 177 20 
183 176 20 
182 175 20 
181 176 20 
180 176 20 
179 177 20 
178 177 20 
177 178 20 
177 179 20 
177 180 20 
177 181 20 
177 182 20 
177 183 20 
178 184 20 
179 185 20 
180 186 20 
181 186 20 
182 186 20 
183 187 20 
183 188 20 
183 189 20 
183 190 20 
183 191 20 
183 192 20 
182 192 20 
181 193 20 
180 194 20 
179 195 20 
179 196 20 
179 197 20 
179 198 20 
179 199 20 
179 200 20 
179 201 20 
180 202 20 
180 203 20 
180 204 20 
180 205 20 
180 206 20 
180 207 20 
180 208 20 
180 209 20 
179 210 20 
178 210 20 
177 211 20 
177 212 20 
177 213 20 
177 214 20 
177 215 20 
177 216 20 
178 217 20 
179 218 20 
180 218 20 
180 219 20 
181 220 20 
181 221 20 
181 222 20 
181 223 20 
181 224 20 
181 225 20 
182 226 20 
183 226 20 
184 226 20 
185 226 20 
186 226 20 
187 226 20 
188 226 20 
V
Segmentation 1
270 300 20 
271 299 20 
272 299 20 
273 298 20 
274 297 20 
274 296 20 
274 295 20 
274 294 20 
275 293 20 
276 292 20 
277 291 20 
278 290 20 
278 289 20 
278 288 20 
277 287 20 
277 286 20 
276 285 20 
275 285 20 
274 284 20 
273 284 20 
272 284 20 
272 283 20 
271 282 20 
271 281 20 
271 280 20 
271 279 20 
270 278 20 
271 277 20 
272 276 20 
272 275 20 
272 274 20 
272 273 20 
272 272 20 
272 271 20 
272 270 20 
271 269 20 
270 268 20 
269 268 20 
269 267 20 
269 266 20 
269 265 20 
269 264 20 
269 263 20 
269 262 20 
269 261 20 
269 260 20 
269 259 20 
270 258 20 
271 257 20 
271 256 20 
271 255 20 
271 254 20 
271 253 20 
271 252 20 
271 251 20 
270 250 20 
269 249 20 
268 248 20 
267 247 20 
267 246 20 
267 245 20 
267 244 20 
268 243 20 
268 242 20 
269 242 20 
270 241 20 
271 241 20 
272 240 20 
272 239 20 
272 238 20 
273 237 20 
273 236 20 
273 235 20 
272 234 20 
271 233 20 
270 233 20 
269 233 20 
268 233 20 
267 232 20 
267 231 20 
267 230 20 
266 229 20 
266 228 20 
266 227 20 
266 226 20 
266 225 20 
266 224 20 
265 223 20 
266 222 20 
266 221 20 
266 220 20 
266 219 20 
267 218 20 
267 217 20 
267 216 20 
267 215 20 
267 214 20 
267 213 20 
267 212 20 
268 211 20 
269 211 20 
270 210 20 
271 209 20 
271 208 20 
271 207 20 
271 206 20 
271 205 20 
271 204 20 
270 203 20 
269 202 20 
268 201 20 
268 200 20 
268 199 20 
268 198 20 
268 197 20 
268 196 20 
267 195 20 
266 194 20 
265 194 20 
264 193 20 
264 192 20 
264 191 20 
265 190 20 
265 189 20 
265 188 20 
265 187 20 
265 186 20 
265 185 20 
264 184 20 
263 183 20 
262 183 20 
261 183 20 
260 183 20 
259 183 20 
258 184 20 
257 185 20 
256 185 20 
255 186 20 
255 187 20 
255 188 20 
255 189 20 
255 190 20 
255 191 20 
255 192 20 
256 193 20 
257 194 20 
258 195 20 
258 196 20 
258 197 20 
258 198 20 
258 199 20 
259 200 20 
259 201 20 
259 202 20 
260 203 20 
260 204 20 
261 205 20 
261 206 20 
261 207 20 
261 208 20 
261 209 20 
261 210 20 
261 211 20 
261 212 20 
261 213 20 
261 214 20 
261 215 20 
261 216 20 
261 217 20 
261 218 20 
261 219 20 
261 220 20 
261 221 20 
261 222 20 
261 223 20 
261 224 20 
261 225 20 
261 226 20 
261 227 20 
261 228 20 
261 229 20 
261 230 20 
261 231 20 
261 232 20 
262 233 20 
262 234 20 
262 235 20 
262 236 20 
262 237 20 
262 238 20 
262 239 20 
262 240 20 
262 241 20 
262 242 20 
262 243 20 
262 244 20 
262 245 20 
262 246 20 
262 247 20 
262 248 20 
262 249 20 
262 250 20 
262 251 20 
262 252 20 
262 253 20 
262 254 20 
262 255 20 
262 256 20 
262 257 20 
262 258 20 
262 259 20 
262 260 20 
262 261 20 
262 262 20 
262 263 20 
262 264 20 
262 265 20 
262 266 20 
263 267 20 
263 268 20 
263 269 20 
263 270 20 
263 271 20 
263 272 20 
263 273 20 
263 274 20 
263 275 20 
264 276 20 
264 277 20 
264 278 20 
264 279 20 
264 280 20 
264 281 20 
265 282 20 
265 283 20 
265 284 20 
265 285 20 
265 286 20 
266 287 20 
266 288 20 
266 289 20 
266 290 20 
267 291 20 
267 292 20 
267 293 20 
267 294 20 
267 295 20 
268 296 20 
268 297 20 
268 298 20 
269 299 20 
270 300 20 
V
Segmentation 2
281 243 20 
282 242 20 
283 242 20 
284 242 20 
285 242 20 
286 242 20 
287 241 20 
287 240 20 
287 239 20 
286 238 20 
286 237 20 
287 236 20 
287 235 20 
286 234 20 
285 234 20 
284 233 20 
283 233 20 
282 233 20 
281 234 20 
280 234 20 
279 235 20 
279 236 20 
279 237 20 
279 238 20 
279 239 20 
279 240 20 
279 241 20 
280 242 20 
281 243 20 
V
Segmentation 3
183 309 20 
184 308 20 
184 307 20 
185 306 20 
185 305 20 
185 304 20 
185 303 20 
185 302 20 
185 301 20 
185 300 20 
185 299 20 
185 298 20 
185 297 20 
185 296 20 
185 295 20 
185 294 20 
185 293 20 
185 292 20 
185 291 20 
185 290 20 
185 289 20 
185 288 20 
185 287 20 
185 286 20 
185 285 20 
185 284 20 
186 283 20 
186 282 20 
186 281 20 
187 280 20 
187 279 20 
187 278 20 
187 277 20 
187 276 20 
187 275 20 
188 274 20 
188 273 20 
188 272 20 
188 271 20 
189 270 20 
189 269 20 
189 268 20 
189 267 20 
189 266 20 
189 265 20 
189 264 20 
189 263 20 
189 262 20 
190 261 20 
190 260 20 
190 259 20 
190 258 20 
190 257 20 
190 256 20 
190 255 20 
190 254 20 
190 253 20 
190 252 20 
190 251 20 
190 250 20 
190 249 20 
190 248 20 
190 247 20 
190 246 20 
190 245 20 
190 244 20 
190 243 20 
189 242 20 
188 241 20 
187 241 20 
186 241 20 
185 240 20 
184 240 20 
183 240 20 
182 241 20 
181 242 20 
180 243 20 
179 244 20 
179 245 20 
179 246 20 
179 247 20 
179 248 20 
180 249 20 
181 249 20 
182 250 20 
182 251 20 
182 252 20 
182 253 20 
182 254 20 
182 255 20 
182 256 20 
181 257 20 
180 258 20 
179 259 20 
179 260 20 
179 261 20 
179 262 20 
179 263 20 
179 264 20 
179 265 20 
180 266 20 
180 267 20 
180 268 20 
181 269 20 
181 270 20 
181 271 20 
181 272 20 
181 273 20 
180 274 20 
179 275 20 
178 276 20 
178 277 20 
178 278 20 
178 279 20 
178 280 20 
178 281 20 
177 281 20 
176 282 20 
175 283 20 
174 284 20 
174 285 20 
174 286 20 
174 287 20 
174 288 20 
174 289 20 
175 290 20 
176 291 20 
177 291 20 
177 292 20 
177 293 20 
177 294 20 
177 295 20 
177 296 20 
177 297 20 
177 298 20 
176 299 20 
175 300 20 
174 300 20 
173 301 20 
173 302 20 
173 303 20 
174 304 20 
175 305 20 
176 306 20 
177 307 20 
178 307 20 
179 308 20 
180 308 20 
181 308 20 
182 308 20 
183 309 20 
V
Segmentation 4
295 268 20 
296 267 20 
296 266 20 
296 265 20 
296 264 20 
296 263 20 
297 262 20 
297 261 20 
297 260 20 
297 259 20 
296 258 20 
295 258 20 
294 258 20 
293 258 20 
292 258 20 
291 258 20 
290 258 20 
289 259 20 
289 260 20 
289 261 20 
288 262 20 
288 263 20 
289 264 20 
289 265 20 
290 266 20 
291 267 20 
292 267 20 
293 267 20 
294 268 20 
295 268 20 
V
Segmentation 0
187 292 21 
188 291 21 
189 290 21 
190 289 21 
190 288 21 
190 287 21 
190 286 21 
190 285 21 
190 284 21 
190 283 21 
190 282 21 
190 281 21 
189 280 21 
189 279 21 
189 278 21 
189 277 21 
189 276 21 
190 275 21 
190 274 21 
190 273 21 
190 272 21 
191 271 21 
191 270 21 
191 269 21 
191 268 21 
191 267 21 
191 266 21 
191 265 21 
191 264 21 
191 263 21 
191 262 21 
191 261 21 
191 260 21 
191 259 21 
191 258 21 
191 257 21 
191 256 21 
191 255 21 
191 254 21 
191 253 21 
191 252 21 
191 251 21 
191 250 21 
190 249 21 
190 248 21 
190 247 21 
190 246 21 
190 245 21 
190 244 21 
190 243 21 
190 242 21 
191 241 21 
191 240 21 
191 239 21 
191 238 21 
191 237 21 
191 236 21 
191 235 21 
192 234 21 
192 233 21 
193 232 21 
193 231 21 
193 230 21 
193 229 21 
193 228 21 
193 227 21 
192 226 21 
192 225 21 
192 224 21 
192 223 21 
192 222 21 
192 221 21 
191 220 21 
190 219 21 
189 218 21 
189 217 21 
189 216 21 
189 215 21 
189 214 21 
189 213 21 
190 212 21 
190 211 21 
191 210 21 
191 209 21 
191 208 21 
192 207 21 
192 206 21 
192 205 21 
192 204 21 
193 203 21 
193 202 21 
193 201 21 
193 200 21 
194 199 21 
194 198 21 
194 197 21 
194 196 21 
194 195 21 
193 194 21 
192 193 21 
191 192 21 
190 191 21 
189 192 21 
188 193 21 
187 194 21 
186 194 21 
185 194 21 
184 194 21 
183 193 21 
182 192 21 
181 192 21 
180 193 21 
179 193 21 
178 193 21 
177 194 21 
176 195 21 
176 196 21 
176 197 21 
176 198 21 
176 199 21 
177 200 21 
177 201 21 
178 202 21 
179 203 21 
180 203 21 
181 203 21 
181 204 21 
181 205 21 
181 206 21 
181 207 21 
181 208 21 
181 209 21 
180 210 21 
179 211 21 
178 212 21 
178 213 21 
178 214 21 
178 215 21 
179 216 21 
180 217 21 
181 218 21 
182 219 21 
182 220 21 
182 221 21 
182 222 21 
182 223 21 
182 224 21 
181 224 21 
180 225 21 
179 225 21 
178 226 21 
177 227 21 
177 228 21 
177 229 21 
177 230 21 
177 231 21 
177 232 21 
178 233 21 
179 234 21 
180 234 21 
181 235 21 
182 235 21 
182 236 21 
182 237 21 
182 238 21 
182 239 21 
182 240 21 
182 241 21 
181 241 21 
180 242 21 
179 243 21 
178 244 21 
178 245 21 
178 246 21 
178 247 21 
179 248 21 
180 249 21 
181 250 21 
182 251 21 
182 252 21 
182 253 21 
182 254 21 
182 255 21 
182 256 21 
182 257 21 
183 258 21 
183 259 21 
183 260 21 
183 261 21 
183 262 21 
182 263 21 
182 264 21 
182 265 21 
182 266 21 
182 267 21 
182 268 21 
182 269 21 
181 270 21 
181 271 21 
181 272 21 
181 273 21 
180 274 21 
179 275 21 
178 275 21 
177 276 21 
177 277 21 
177 278 21 
177 279 21 
177 280 21 
177 281 21 
178 282 21 
179 283 21 
180 283 21 
180 284 21 
181 285 21 
181 286 21 
181 287 21 
181 288 21 
181 289 21 
182 290 21 
183 291 21 
184 291 21 
185 291 21 
186 291 21 
187 292 21 
V
Segmentation 1
264 242 21 
265 241 21 
266 241 21 
267 241 21 
268 241 21 
269 241 21 
270 240 21 
270 239 21 
270 238 21 
270 237 21 
271 236 21 
271 235 21 
271 234 21 
270 233 21 
269 233 21 
268 233 21 
267 232 21 
267 231 21 
267 230 21 
267 229 21 
266 228 21 
266 227 21 
266 226 21 
265 225 21 
266 224 21 
266 223 21 
266 222 21 
266 221 21 
266 220 21 
266 219 21 
265 218 21 
265 217 21 
264 216 21 
263 216 21 
262 216 21 
261 216 21 
261 215 21 
260 214 21 
259 215 21 
258 216 21 
257 217 21 
257 218 21 
256 219 21 
256 220 21 
256 221 21 
256 222 21 
256 223 21 
256 224 21 
257 225 21 
258 226 21 
258 227 21 
259 228 21 
259 229 21 
259 230 21 
260 231 21 
260 232 21 
260 233 21 
259 234 21 
260 235 21 
260 236 21 
260 237 21 
260 238 21 
260 239 21 
260 240 21 
261 241 21 
262 241 21 
263 242 21 
264 242 21 
V
Segmentation 2
268 277 21 
269 276 21 
270 276 21 
271 275 21 
271 274 21 
271 273 21 
271 272 21 
271 271 21 
271 270 21 
271 269 21 
270 268 21 
269 267 21 
268 267 21 
268 266 21 
268 265 21 
268 264 21 
268 263 21 
268 262 21 
268 261 21 
268 260 21 
268 259 21 
269 258 21 
270 258 21 
271 257 21 
271 256 21 
271 255 21 
271 254 21 
271 253 21 
271 252 21 
272 251 21 
271 250 21 
270 250 21 
269 249 21 
268 248 21 
267 248 21 
266 248 21 
265 248 21 
264 248 21 
263 248 21 
262 248 21 
261 249 21 
261 250 21 
261 251 21 
261 252 21 
261 253 21 
261 254 21 
261 255 21 
261 256 21 
261 257 21 
261 258 21 
261 259 21 
261 260 21 
261 261 21 
261 262 21 
261 263 21 
261 264 21 
261 265 21 
261 266 21 
261 267 21 
261 268 21 
261 269 21 
261 270 21 
261 271 21 
261 272 21 
261 273 21 
261 274 21 
261 275 21 
262 276 21 
263 276 21 
264 277 21 
265 277 21 
266 277 21 
267 277 21 
268 277 21 
V
