Segmentation 0
189 183 13 
190 182 13 
191 181 13 
192 182 13 
193 182 13 
194 182 13 
195 182 13 
196 181 13 
197 180 13 
197 179 13 
197 178 13 
197 177 13 
197 176 13 
197 175 13 
197 174 13 
196 173 13 
195 172 13 
194 172 13 
193 171 13 
192 171 13 
191 172 13 
190 172 13 
189 173 13 
188 173 13 
187 172 13 
186 171 13 
186 170 13 
185 169 13 
184 168 13 
184 167 13 
183 166 13 
183 165 13 
182 164 13 
181 164 13 
180 164 13 
179 164 13 
178 165 13 
177 166 13 
177 167 13 
177 168 13 
177 169 13 
177 170 13 
177 171 13 
177 172 13 
178 173 13 
179 174 13 
180 175 13 
181 176 13 
181 177 13 
181 178 13 
181 179 13 
181 180 13 
182 181 13 
183 182 13 
184 182 13 
185 183 13 
186 183 13 
187 183 13 
188 183 13 
189 183 13 
V
Segmentation 1
248 185 13 
249 184 13 
250 184 13 
251 183 13 
252 183 13 
253 182 13 
254 181 13 
254 180 13 
254 179 13 
254 178 13 
254 177 13 
254 176 13 
254 175 13 
254 174 13 
254 173 13 
253 172 13 
252 171 13 
251 170 13 
250 171 13 
249 172 13 
248 172 13 
247 173 13 
246 174 13 
246 175 13 
245 176 13 
245 177 13 
245 178 13 
245 179 13 
245 180 13 
245 181 13 
244 182 13 
245 183 13 
245 184 13 
246 185 13 
247 185 13 
248 185 13 
V
Segmentation 2
191 180 13 
191 181 13 
191 180 13 
V
Segmentation 3
180 361 13 
181 360 13 
182 359 13 
183 358 13 
184 357 13 
185 356 13 
184 355 13 
183 354 13 
182 353 13 
181 352 13 
180 352 13 
179 353 13 
178 354 13 
177 354 13 
176 354 13 
175 354 13 
174 355 13 
174 356 13 
175 357 13 
175 358 13 
176 359 13 
177 360 13 
178 360 13 
179 360 13 
180 361 13 
V
Segmentation 4
255 406 13 
256 405 13 
257 404 13 
258 404 13 
259 404 13 
260 403 13 
261 402 13 
260 401 13 
260 400 13 
260 399 13 
259 398 13 
260 397 13 
259 396 13 
258 396 13 
257 396 13 
256 396 13 
255 396 13 
254 396 13 
253 396 13 
252 396 13 
251 397 13 
251 398 13 
251 399 13 
251 400 13 
250 401 13 
250 402 13 
251 403 13 
252 404 13 
253 405 13 
254 406 13 
255 406 13 
V
Segmentation 0
196 188 14 
197 187 14 
198 187 14 
199 186 14 
200 185 14 
200 184 14 
199 183 14 
199 182 14 
198 181 14 
198 180 14 
197 179 14 
196 178 14 
196 177 14 
195 176 14 
195 175 14 
195 174 14 
196 173 14 
196 172 14 
196 171 14 
195 170 14 
195 169 14 
194 168 14 
193 168 14 
192 167 14 
191 167 14 
190 166 14 
189 166 14 
188 166 14 
189 165 14 
189 164 14 
190 163 14 
190 162 14 
190 161 14 
191 160 14 
191 159 14 
191 158 14 
191 157 14 
190 156 14 
189 156 14 
188 156 14 
187 156 14 
186 156 14 
185 156 14 
184 156 14 
183 156 14 
183 155 14 
183 154 14 
183 153 14 
183 152 14 
182 151 14 
182 150 14 
182 149 14 
181 148 14 
180 148 14 
179 148 14 
178 148 14 
177 148 14 
176 148 14 
175 149 14 
174 148 14 
173 147 14 
172 147 14 
171 147 14 
170 147 14 
169 147 14 
168 148 14 
167 148 14 
166 149 14 
166 150 14 
166 151 14 
165 152 14 
165 153 14 
165 154 14 
165 155 14 
165 156 14 
166 157 14 
166 158 14 
165 159 14 
165 160 14 
165 161 14 
164 162 14 
164 163 14 
164 164 14 
165 165 14 
166 166 14 
167 167 14 
168 168 14 
169 168 14 
170 168 14 
171 168 14 
172 167 14 
173 167 14 
174 168 14 
174 169 14 
175 170 14 
175 171 14 
175 172 14 
175 173 14 
175 174 14 
175 175 14 
175 176 14 
175 177 14 
175 178 14 
175 179 14 
175 180 14 
176 181 14 
177 182 14 
178 182 14 
179 183 14 
180 183 14 
181 183 14 
182 182 14 
183 182 14 
184 182 14 
185 182 14 
186 182 14 
187 182 14 
188 183 14 
189 183 14 
190 184 14 
191 185 14 
192 186 14 
193 187 14 
194 187 14 
195 188 14 
196 188 14 
V
Segmentation 1
254 185 14 
255 184 14 
256 183 14 
257 182 14 
257 181 14 
258 180 14 
259 179 14 
259 178 14 
258 177 14 
258 176 14 
258 175 14 
258 174 14 
258 173 14 
258 172 14 
259 171 14 
259 170 14 
259 169 14 
259 168 14 
259 167 14 
260 166 14 
261 165 14 
261 164 14 
261 163 14 
261 162 14 
261 161 14 
261 160 14 
261 159 14 
262 158 14 
263 157 14 
263 156 14 
263 155 14 
263 154 14 
263 153 14 
263 152 14 
262 151 14 
261 151 14 
260 150 14 
259 150 14 
258 149 14 
257 149 14 
256 148 14 
255 148 14 
254 149 14 
254 150 14 
254 151 14 
254 152 14 
254 153 14 
254 154 14 
254 155 14 
253 156 14 
253 157 14 
252 157 14 
251 156 14 
250 156 14 
249 156 14 
248 155 14 
247 155 14 
246 155 14 
245 155 14 
244 156 14 
243 157 14 
243 158 14 
243 159 14 
243 160 14 
243 161 14 
243 162 14 
242 163 14 
241 163 14 
240 164 14 
239 164 14 
238 165 14 
238 166 14 
238 167 14 
238 168 14 
238 169 14 
238 170 14 
239 171 14 
240 171 14 
241 171 14 
242 172 14 
243 172 14 
244 172 14 
245 172 14 
246 172 14 
247 173 14 
248 172 14 
249 172 14 
250 172 14 
250 173 14 
250 174 14 
250 175 14 
250 176 14 
250 177 14 
249 178 14 
249 179 14 
248 180 14 
249 181 14 
250 182 14 
251 183 14 
252 183 14 
253 184 14 
254 185 14 
V
Segmentation 2
176 402 14 
177 401 14 
178 401 14 
179 400 14 
180 400 14 
181 400 14 
182 400 14 
183 400 14 
184 400 14 
185 400 14 
186 400 14 
187 399 14 
187 398 14 
188 397 14 
188 396 14 
189 395 14 
190 395 14 
191 395 14 
192 394 14 
193 394 14 
194 393 14 
193 392 14 
193 391 14 
193 390 14 
193 389 14 
193 388 14 
193 387 14 
192 386 14 
191 386 14 
190 386 14 
189 386 14 
188 385 14 
187 385 14 
186 385 14 
186 384 14 
186 383 14 
186 382 14 
186 381 14 
186 380 14 
186 379 14 
186 378 14 
185 377 14 
184 376 14 
183 376 14 
182 377 14 
181 378 14 
180 379 14 
179 378 14 
178 378 14 
177 378 14 
176 379 14 
176 380 14 
176 381 14 
177 382 14 
177 383 14 
177 384 14 
177 385 14 
177 386 14 
176 386 14 
175 387 14 
174 388 14 
174 389 14 
174 390 14 
175 391 14 
174 392 14 
174 393 14 
174 394 14 
174 395 14 
174 396 14 
174 397 14 
173 398 14 
174 399 14 
175 400 14 
175 401 14 
176 402 14 
V
Segmentation 3
256 404 14 
257 403 14 
258 402 14 
259 401 14 
259 400 14 
260 399 14 
260 398 14 
261 397 14 
261 396 14 
262 395 14 
262 394 14 
263 393 14 
263 392 14 
263 391 14 
263 390 14 
263 389 14 
264 388 14 
265 388 14 
266 387 14 
267 386 14 
267 385 14 
267 384 14 
267 383 14 
268 382 14 
268 381 14 
268 380 14 
267 379 14 
266 378 14 
265 378 14 
264 379 14 
263 380 14 
262 381 14 
261 382 14 
260 383 14 
259 384 14 
258 385 14 
258 386 14 
257 387 14 
256 387 14 
255 388 14 
254 389 14 
254 390 14 
253 391 14 
253 392 14 
252 393 14 
251 394 14 
251 395 14 
250 396 14 
250 397 14 
249 398 14 
250 399 14 
250 400 14 
251 401 14 
252 402 14 
253 402 14 
254 403 14 
255 403 14 
256 404 14 
V
Segmentation 0
182 187 15 
183 186 15 
184 185 15 
185 184 15 
185 183 15 
186 183 15 
187 182 15 
186 181 15 
185 180 15 
184 179 15 
183 178 15 
184 177 15 
185 177 15 
186 176 15 
187 175 15 
188 174 15 
189 174 15 
190 173 15 
189 172 15 
190 171 15 
190 170 15 
191 169 15 
191 168 15 
192 167 15 
192 166 15 
191 165 15 
190 164 15 
189 163 15 
188 162 15 
187 162 15 
186 162 15 
185 162 15 
184 162 15 
183 162 15 
182 162 15 
182 161 15 
182 160 15 
181 159 15 
181 158 15 
181 157 15 
180 156 15 
179 155 15 
178 155 15 
177 155 15 
176 155 15 
176 154 15 
176 153 15 
175 152 15 
175 151 15 
174 150 15 
173 150 15 
172 150 15 
171 150 15 
170 150 15 
169 150 15 
168 151 15 
167 152 15 
167 153 15 
167 154 15 
166 155 15 
166 156 15 
166 157 15 
167 158 15 
168 158 15 
169 159 15 
170 159 15 
171 160 15 
171 161 15 
172 162 15 
172 163 15 
172 164 15 
172 165 15 
171 165 15 
170 166 15 
169 166 15 
168 166 15 
167 167 15 
166 168 15 
166 169 15 
166 170 15 
166 171 15 
167 172 15 
167 173 15 
167 174 15 
168 175 15 
169 175 15 
170 175 15 
171 175 15 
172 175 15 
172 176 15 
173 177 15 
173 178 15 
173 179 15 
174 180 15 
174 181 15 
175 182 15 
175 183 15 
176 184 15 
176 185 15 
176 186 15 
177 187 15 
178 187 15 
179 187 15 
180 187 15 
181 187 15 
182 187 15 
V
Segmentation 1
257 177 15 
258 176 15 
258 175 15 
259 174 15 
260 174 15 
261 174 15 
262 174 15 
263 173 15 
263 172 15 
263 171 15 
262 170 15 
262 169 15 
262 168 15 
262 167 15 
263 166 15 
263 165 15 
262 164 15 
262 163 15 
262 162 15 
262 161 15 
263 160 15 
263 159 15 
263 158 15 
263 157 15 
262 156 15 
261 155 15 
260 155 15 
259 155 15 
258 155 15 
257 155 15 
256 154 15 
255 155 15 
254 155 15 
253 156 15 
252 156 15 
251 156 15 
250 155 15 
249 155 15 
248 155 15 
247 155 15 
246 156 15 
245 157 15 
244 157 15 
243 158 15 
243 159 15 
243 160 15 
244 161 15 
244 162 15 
244 163 15 
244 164 15 
245 165 15 
246 165 15 
247 166 15 
248 166 15 
249 166 15 
249 167 15 
250 168 15 
251 168 15 
252 169 15 
253 170 15 
253 171 15 
253 172 15 
253 173 15 
254 174 15 
254 175 15 
255 176 15 
256 177 15 
257 177 15 
V
Segmentation 2
235 230 15 
236 229 15 
237 228 15 
237 227 15 
237 226 15 
238 225 15 
238 224 15 
238 223 15 
238 222 15 
238 221 15 
238 220 15 
238 219 15 
238 218 15 
238 217 15 
238 216 15 
238 215 15 
238 214 15 
238 213 15 
237 212 15 
236 211 15 
235 211 15 
234 211 15 
233 211 15 
232 212 15 
231 212 15 
230 212 15 
229 212 15 
228 213 15 
227 214 15 
227 215 15 
227 216 15 
228 217 15 
228 218 15 
228 219 15 
228 220 15 
229 221 15 
229 222 15 
229 223 15 
229 224 15 
230 225 15 
230 226 15 
230 227 15 
231 228 15 
232 229 15 
233 230 15 
234 230 15 
235 230 15 
V
Segmentation 3
246 401 15 
247 400 15 
248 399 15 
249 398 15 
250 397 15 
251 396 15 
252 395 15 
252 394 15 
253 393 15 
253 392 15 
254 391 15 
254 390 15 
255 389 15 
256 388 15 
257 387 15 
258 386 15 
259 385 15 
260 384 15 
261 383 15 
262 382 15 
263 382 15 
264 381 15 
265 380 15 
266 379 15 
267 379 15 
268 378 15 
269 377 15 
270 376 15 
271 375 15 
272 374 15 
273 373 15 
274 373 15 
275 372 15 
275 371 15 
276 370 15 
276 369 15 
276 368 15 
276 367 15 
276 366 15 
276 365 15 
276 364 15 
276 363 15 
276 362 15 
276 361 15 
275 360 15 
275 359 15 
275 358 15 
274 357 15 
273 356 15 
272 355 15 
271 354 15 
270 353 15 
269 353 15 
268 353 15 
267 353 15 
266 354 15 
265 354 15 
264 355 15 
263 355 15 
262 356 15 
261 357 15 
260 358 15 
259 359 15 
259 360 15 
258 361 15 
257 362 15 
257 363 15 
256 364 15 
255 365 15 
254 366 15 
253 367 15 
253 368 15 
252 369 15 
251 370 15 
251 371 15 
250 372 15 
250 373 15 
250 374 15 
249 375 15 
248 376 15 
248 377 15 
248 378 15 
248 379 15 
248 380 15 
247 381 15 
247 382 15 
247 383 15 
246 384 15 
246 385 15 
246 386 15 
246 387 15 
246 388 15 
246 389 15 
246 390 15 
246 391 15 
246 392 15 
246 393 15 
245 394 15 
245 395 15 
245 396 15 
245 397 15 
245 398 15 
245 399 15 
245 400 15 
246 401 15 
V
Segmentation 4
184 400 15 
185 399 15 
186 399 15 
187 398 15 
188 397 15 
188 396 15 
189 395 15 
190 395 15 
191 395 15 
192 395 15 
193 394 15 
194 393 15 
195 392 15 
194 391 15 
194 390 15 
193 389 15 
192 388 15 
192 387 15 
191 386 15 
190 385 15 
190 384 15 
190 383 15 
189 382 15 
189 381 15 
190 380 15 
189 379 15 
188 379 15 
187 379 15 
186 379 15 
185 379 15 
184 379 15 
184 378 15 
184 377 15 
184 376 15 
184 375 15 
183 374 15 
183 373 15 
183 372 15 
182 371 15 
182 370 15 
183 369 15 
183 368 15 
183 367 15 
183 366 15 
184 366 15 
185 365 15 
185 364 15 
184 363 15 
183 362 15 
182 362 15 
181 362 15 
180 362 15 
179 361 15 
178 361 15 
177 361 15 
176 361 15 
175 362 15 
175 363 15 
174 362 15 
173 362 15 
172 362 15 
171 363 15 
170 364 15 
169 364 15 
168 365 15 
167 366 15 
168 367 15 
169 368 15 
169 369 15 
169 370 15 
168 371 15 
168 372 15 
168 373 15 
168 374 15 
169 375 15 
170 376 15 
171 376 15 
172 376 15 
173 376 15 
173 377 15 
174 378 15 
175 379 15 
175 380 15 
174 381 15 
173 382 15 
172 383 15 
172 384 15 
171 385 15 
171 386 15 
170 387 15 
170 388 15 
171 389 15 
172 389 15 
173 389 15 
174 389 15 
175 390 15 
175 391 15 
174 392 15 
175 393 15 
176 393 15 
177 393 15 
177 394 15 
177 395 15 
176 396 15 
177 397 15 
177 398 15 
178 399 15 
179 400 15 
180 400 15 
181 400 15 
182 400 15 
183 400 15 
184 400 15 
V
Segmentation 0
181 191 16 
182 190 16 
183 190 16 
184 189 16 
185 189 16 
186 188 16 
187 187 16 
186 186 16 
185 185 16 
184 184 16 
184 183 16 
183 182 16 
183 181 16 
183 180 16 
182 179 16 
182 178 16 
182 177 16 
182 176 16 
182 175 16 
183 174 16 
183 173 16 
184 172 16 
184 171 16 
184 170 16 
184 169 16 
184 168 16 
184 167 16 
183 166 16 
183 165 16 
184 164 16 
184 163 16 
184 162 16 
183 161 16 
183 160 16 
183 159 16 
182 158 16 
181 158 16 
180 158 16 
179 157 16 
178 157 16 
177 157 16 
176 157 16 
175 157 16 
174 158 16 
173 159 16 
173 160 16 
173 161 16 
173 162 16 
173 163 16 
172 164 16 
171 164 16 
170 165 16 
169 166 16 
169 167 16 
169 168 16 
169 169 16 
169 170 16 
169 171 16 
170 172 16 
171 173 16 
172 174 16 
172 175 16 
172 176 16 
172 177 16 
172 178 16 
171 179 16 
170 180 16 
169 180 16 
168 181 16 
168 182 16 
168 183 16 
168 184 16 
168 185 16 
169 186 16 
169 187 16 
170 188 16 
171 188 16 
172 189 16 
173 189 16 
174 188 16 
175 188 16 
176 188 16 
177 188 16 
178 189 16 
179 190 16 
180 191 16 
181 191 16 
V
Segmentation 1
257 198 16 
258 197 16 
258 196 16 
258 195 16 
259 194 16 
260 193 16 
260 192 16 
260 191 16 
259 190 16 
258 189 16 
257 188 16 
257 187 16 
257 186 16 
257 185 16 
258 184 16 
258 183 16 
259 182 16 
260 181 16 
260 180 16 
260 179 16 
259 178 16 
259 177 16 
258 176 16 
259 175 16 
260 174 16 
261 174 16 
262 173 16 
263 172 16 
263 171 16 
262 170 16 
262 169 16 
262 168 16 
262 167 16 
262 166 16 
261 165 16 
260 165 16 
259 165 16 
258 165 16 
257 165 16 
256 166 16 
255 166 16 
254 166 16 
253 165 16 
252 165 16 
251 165 16 
250 166 16 
249 166 16 
248 167 16 
248 168 16 
248 169 16 
248 170 16 
248 171 16 
248 172 16 
248 173 16 
248 174 16 
248 175 16 
249 176 16 
250 176 16 
251 176 16 
252 176 16 
252 177 16 
253 178 16 
253 179 16 
253 180 16 
253 181 16 
253 182 16 
252 183 16 
252 184 16 
252 185 16 
252 186 16 
251 187 16 
251 188 16 
250 189 16 
250 190 16 
249 191 16 
249 192 16 
249 193 16 
249 194 16 
249 195 16 
250 196 16 
251 196 16 
252 196 16 
253 196 16 
254 197 16 
255 197 16 
256 197 16 
257 198 16 
V
Segmentation 2
133 197 16 
134 196 16 
135 195 16 
136 194 16 
135 193 16 
134 193 16 
134 192 16 
134 191 16 
134 190 16 
134 189 16 
133 188 16 
132 187 16 
131 188 16 
130 187 16 
129 187 16 
128 187 16 
127 188 16 
126 189 16 
125 190 16 
126 191 16 
127 192 16 
128 193 16 
129 193 16 
130 194 16 
130 195 16 
129 196 16 
130 197 16 
131 197 16 
132 197 16 
133 197 16 
V
Segmentation 3
283 216 16 
284 215 16 
285 214 16 
284 213 16 
284 212 16 
284 211 16 
284 210 16 
283 209 16 
282 208 16 
281 207 16 
280 206 16 
279 206 16 
278 206 16 
277 206 16 
276 206 16 
275 207 16 
274 208 16 
274 209 16 
274 210 16 
274 211 16 
274 212 16 
275 213 16 
275 214 16 
276 215 16 
277 215 16 
278 215 16 
279 214 16 
280 214 16 
281 214 16 
282 215 16 
283 216 16 
V
Segmentation 4
191 387 16 
192 386 16 
193 385 16 
194 384 16 
195 383 16 
195 382 16 
195 381 16 
195 380 16 
194 379 16 
193 378 16 
192 377 16 
191 376 16 
190 376 16 
189 376 16 
188 377 16 
187 377 16 
186 378 16 
186 379 16 
186 380 16 
186 381 16 
185 382 16 
186 383 16 
186 384 16 
187 385 16 
188 386 16 
189 386 16 
190 387 16 
191 387 16 
V
Segmentation 0
182 206 17 
183 205 17 
184 205 17 
185 205 17 
186 205 17 
187 204 17 
187 203 17 
186 202 17 
186 201 17 
186 200 17 
186 199 17 
185 198 17 
185 197 17 
185 196 17 
185 195 17 
185 194 17 
185 193 17 
185 192 17 
185 191 17 
185 190 17 
184 189 17 
184 188 17 
184 187 17 
184 186 17 
185 185 17 
185 184 17 
185 183 17 
185 182 17 
186 181 17 
187 181 17 
188 180 17 
188 179 17 
188 178 17 
188 177 17 
188 176 17 
188 175 17 
188 174 17 
188 173 17 
187 172 17 
186 172 17 
185 172 17 
184 171 17 
183 171 17 
182 172 17 
181 172 17 
180 173 17 
179 172 17 
178 172 17 
177 172 17 
176 172 17 
175 172 17 
174 172 17 
173 173 17 
172 174 17 
172 175 17 
172 176 17 
172 177 17 
172 178 17 
172 179 17 
171 179 17 
170 179 17 
169 180 17 
168 180 17 
167 180 17 
166 181 17 
166 182 17 
166 183 17 
166 184 17 
166 185 17 
167 186 17 
167 187 17 
168 188 17 
169 189 17 
170 189 17 
171 189 17 
172 189 17 
173 190 17 
173 191 17 
173 192 17 
174 193 17 
174 194 17 
174 195 17 
175 196 17 
175 197 17 
176 198 17 
176 199 17 
176 200 17 
176 201 17 
176 202 17 
176 203 17 
177 204 17 
178 205 17 
179 206 17 
180 206 17 
181 206 17 
182 206 17 
V
Segmentation 1
260 300 17 
261 299 17 
261 298 17 
261 297 17 
261 296 17 
262 295 17 
262 294 17 
261 293 17 
261 292 17 
261 291 17 
261 290 17 
260 289 17 
260 288 17 
259 287 17 
259 286 17 
259 285 17 
259 284 17 
259 283 17 
259 282 17 
258 281 17 
257 280 17 
256 279 17 
255 278 17 
254 278 17 
253 279 17 
253 280 17 
253 281 17 
253 282 17 
253 283 17 
253 284 17 
253 285 17 
253 286 17 
254 287 17 
254 288 17 
254 289 17 
255 290 17 
256 291 17 
256 292 17 
256 293 17 
256 294 17 
257 295 17 
257 296 17 
257 297 17 
257 298 17 
257 299 17 
258 300 17 
259 300 17 
260 300 17 
V
Segmentation 0
185 229 18 
186 228 18 
187 227 18 
187 226 18 
187 225 18 
187 224 18 
187 223 18 
187 222 18 
186 221 18 
186 220 18 
185 219 18 
184 220 18 
183 220 18 
182 220 18 
181 220 18 
180 220 18 
179 220 18 
178 221 18 
178 222 18 
178 223 18 
178 224 18 
179 225 18 
179 226 18 
179 227 18 
179 228 18 
180 229 18 
181 229 18 
182 229 18 
183 229 18 
184 229 18 
185 229 18 
V
Segmentation 1
253 262 18 
254 261 18 
255 260 18 
255 259 18 
255 258 18 
255 257 18 
255 256 18 
256 255 18 
257 254 18 
257 253 18 
257 252 18 
257 251 18 
256 250 18 
256 249 18 
256 248 18 
256 247 18 
256 246 18 
257 245 18 
257 244 18 
257 243 18 
257 242 18 
257 241 18 
257 240 18 
257 239 18 
257 238 18 
256 237 18 
255 237 18 
254 236 18 
253 236 18 
252 237 18 
251 236 18 
250 236 18 
249 237 18 
248 237 18 
247 236 18 
246 236 18 
245 237 18 
244 237 18 
243 238 18 
242 239 18 
242 240 18 
242 241 18 
242 242 18 
241 243 18 
242 244 18 
243 245 18 
243 246 18 
244 247 18 
244 248 18 
245 249 18 
246 249 18 
247 249 18 
248 249 18 
249 249 18 
249 250 18 
249 251 18 
249 252 18 
249 253 18 
249 254 18 
249 255 18 
249 256 18 
250 257 18 
250 258 18 
250 259 18 
250 260 18 
251 261 18 
252 262 18 
253 262 18 
V
Segmentation 2
185 251 18 
186 250 18 
187 249 18 
187 248 18 
187 247 18 
187 246 18 
187 245 18 
187 244 18 
186 243 18 
185 243 18 
184 242 18 
183 242 18 
182 242 18 
181 242 18 
180 242 18 
179 242 18 
178 243 18 
177 244 18 
177 245 18 
177 246 18 
178 247 18 
178 248 18 
178 249 18 
179 250 18 
180 251 18 
181 251 18 
182 251 18 
183 251 18 
184 251 18 
185 251 18 
V
Segmentation 3
180 274 18 
181 273 18 
182 272 18 
183 271 18 
183 270 18 
184 269 18 
184 268 18 
185 267 18 
184 266 18 
184 265 18 
183 264 18 
183 263 18 
182 262 18 
181 261 18 
180 261 18 
179 262 18 
178 262 18 
177 263 18 
177 264 18 
177 265 18 
176 266 18 
175 266 18 
174 267 18 
174 268 18 
175 269 18 
176 270 18 
177 271 18 
178 272 18 
178 273 18 
179 274 18 
180 274 18 
V
Segmentation 0
182 173 19 
183 172 19 
184 171 19 
184 170 19 
183 169 19 
182 169 19 
182 168 19 
182 167 19 
182 166 19 
183 165 19 
182 164 19 
181 164 19 
180 163 19 
179 163 19 
178 163 19 
177 163 19 
176 164 19 
175 165 19 
174 166 19 
173 167 19 
173 168 19 
173 169 19 
174 170 19 
175 171 19 
176 172 19 
177 173 19 
178 173 19 
179 173 19 
180 173 19 
181 173 19 
182 173 19 
V
Segmentation 1
260 349 19 
261 348 19 
262 347 19 
262 346 19 
263 345 19 
264 344 19 
264 343 19 
264 342 19 
264 341 19 
264 340 19 
263 339 19 
262 338 19 
261 338 19 
260 338 19 
259 339 19 
258 340 19 
257 341 19 
256 342 19 
256 343 19 
256 344 19 
255 345 19 
255 346 19 
256 347 19 
257 348 19 
258 349 19 
259 349 19 
260 349 19 
V
Segmentation 0
184 261 23 
185 260 23 
186 260 23 
187 259 23 
188 258 23 
188 257 23 
189 256 23 
189 255 23 
188 254 23 
187 253 23 
186 252 23 
185 251 23 
184 251 23 
183 250 23 
182 250 23 
181 250 23 
180 251 23 
179 250 23 
178 251 23 
177 251 23 
176 250 23 
175 250 23 
174 250 23 
173 251 23 
172 252 23 
172 253 23 
172 254 23 
172 255 23 
172 256 23 
172 257 23 
172 258 23 
173 259 23 
174 259 23 
175 260 23 
176 260 23 
177 260 23 
178 261 23 
179 261 23 
180 260 23 
181 260 23 
182 260 23 
183 261 23 
184 261 23 
V
